2751
862
2838
271
3266
437
2936
3056
1440
654
1357
2135
2372
3745
3415
2483
2397
2889
2536
4075
68
3178
1995
2910
1797
1763
365
3727
619
3568
3582
3708
2707
493
3804
4023
2356
3137
445
455
781
2357
603
3887
275
3774
3585
2184
116
1815
2696
935
3209
815
4048
1045
1699
3173
1133
1261
4249
2359
2435
1996
3963
2170
3028
1060
2761
4121
713
4243
3144
3301
3016
152
3218
104
3799
926
3197
2211
2213
356
2610
2547
2750
3985
4140
3686
582
269
3175
60
3620
4242
3351
1154
177
2885
2167
2526
3949
607
2140
3269
3092
211
2923
120
2994
2327
352
4117
593
1026
3060
3272
2890
1422
639
2875
2927
362
442
1540
1814
4302
1877
2077
2683
819
1167
2705
2591
2558
1594
1325
276
3396
1576
2606
3105
2360
198
53
668
4253
1431
3401
947
3759
2970
920
3285
3492
3684
3854
1927
599
2016
1664
3230
570
3422
3765
294
3150
3491
245
1948
1393
3679
1628
2262
2364
217
937
4036
1074
1012
3051
2301
2724
3097
20
3231
1783
2551
3734
4087
2259
3944
328
2287
596
651
2318
2368
2693
1868
3757
1492
273
3513
2371
1729
2408
764
1821
1416
1444
1462
844
1551
3752
2122
1689
4097
2881
3375
1180
1614
1670
478
1469
2190
1071
3597
1931
2832
489
274
3413
69
2636
371
3596
966
2168
554
185
354
2339
3626
2148
1290
4127
1566
2443
4037
34
2084
1713
3826
2627
2507
482
602
3194
3992
736
379
3388
783
2284
3673
1499
806
3014
985
3418
3111
157
2682
1641
1874
818
3292
1579
4076
45
1748
2375
237
2607
4336
4077
3893
84
1014
3682
3233
2744
3295
2905
3017
3909
2549
850
2137
4024
1890
3861
3020
2576
333
408
642
2033
673
3072
1929
1869
653
4142
147
3971
3278
1791
3331
2976
604
2095
2789
1682
382
1256
2941
3312
137
1249
190
3239
1295
2555
3216
1644
3569
4078
2623
701
1536
1024
470
223
1072
3591
3618
1488
675
3716
3179
2824
1058
96
3354
466
1411
4083
3658
614
3788
2767
260
463
511
2794
528
2214
2425
2098
1221
2476
3885
649
1983
2169
1417
2467
4061
4019
4334
3900
1147
2035
3644
1597
4072
567
867
2367
3609
2554
4038
1718
2220
135
930
195
2153
1286
1858
1035
3572
3187
4365
1777
3264
2987
214
1966
2720
3128
2698
1639
864
1804
720
182
2060
2087
2152
1602
305
3136
1935
4234
3888
2908
2078
1608
3523
171
1104
29
1368
2378
1686
2544
367
1842
1275
4263
2510
1007
2631
905
1663
682
3530
2501
1263
3573
1978
2202
1745
4057
4017
2944
3546
487
3840
2258
1838
2419
1168
2616
3710
3533
4034
2620
1031
3993
2036
468
1054
2437
4164
209
413
1522
2154
1632
4016
3831
718
676
3398
4274
1737
1601
3606
1851
3447
295
186
2546
3837
4186
1148
3538
1429
4151
2469
1327
1484
57
4373
3084
2465
1951
71
2959
1285
4301
3065
2089
4337
2271
2901
1198
506
3389
3707
4098
3589
3302
4000
1064
1860
3336
3762
2393
2068
1692
1257
1474
934
1056
3587
1711
1149
1362
174
1096
3265
1241
3091
768
2739
4054
1635
4132
4123
730
3966
2063
789
1618
2518
696
1251
2757
416
498
1138
3121
2160
4001
2117
3499
2243
3149
2334
2728
2464
3859
2369
3397
1360
262
747
2527
158
70
1107
1754
4033
2996
1580
1761
3783
3246
2673
3868
545
600
3101
3271
1373
3287
1592
4176
2747
2086
2415
2956
1732
4226
117
4026
2748
2522
3782
1129
2731
3456
1461
1203
212
3315
861
4240
122
419
2326
2821
3934
1250
3974
2982
1952
706
234
924
986
4174
3706
4093
383
401
3835
1834
1923
848
436
4052
643
3400
543
1297
845
628
1443
2275
3309
2525
1803
3775
1822
2083
1265
3653
3033
1906
1260
4135
2799
2395
3291
3595
1053
3599
236
2859
235
4064
3077
218
4358
2072
2550
3114
1824
2433
2422
3377
246
2090
1472
1113
2535
2463
3701
597
1902
3409
4134
982
3404
630
3423
3767
866
2793
3664
1000
213
156
78
3113
1701
2430
3564
3581
894
3366
291
3043
1374
4
2762
3511
2300
3024
1921
2951
517
1819
3494
3075
1605
3465
91
2961
87
3795
1912
1669
4284
3131
4356
734
2142
2482
0
3483
4112
435
3784
3462
1134
2710
2935
1617
4214
1835
984
2864
3030
1284
3657
527
3222
180
2609
1723
2814
4178
4271
1377
3223
3811
3102
3420
1459
1314
2810
3898
871
2468
380
309
2758
1099
2922
1515
2286
3833
1712
3353
912
204
2454
2516
2176
2964
3723
2542
2660
2842
4278
915
1224
1293
1356
2157
3123
2206
3429
782
2772
3982
2706
1757
2064
4066
73
2352
876
3527
961
3543
4069
3669
287
2795
4091
168
1141
130
2344
1556
1656
2701
3768
2230
1667
3109
402
1945
2075
2926
1386
1340
3683
2257
1353
3956
3656
1982
4299
2007
1003
4245
2548
1726
2268
360
1069
919
2740
2988
995
4106
3913
1694
1889
2101
2193
4129
3232
1553
74
1040
3300
140
1891
4100
3703
1262
155
568
744
475
3025
503
3509
47
25
612
1685
318
1570
2670
795
3738
89
1582
1296
1806
856
1899
2712
704
2896
4360
2462
3823
1228
2730
421
882
2584
3059
729
1988
2999
3095
2537
4109
4294
1855
2460
505
3980
2
3012
4368
2863
3731
1234
959
3037
1704
335
2121
414
4325
3924
4327
3340
396
1395
2716
3399
2187
2954
3737
3071
2574
659
303
3945
159
3008
2204
2143
2978
3819
3968
3937
2530
3326
1598
1477
4202
2515
1376
447
898
4316
2309
1087
2446
4153
467
1254
2229
983
3838
3502
2234
1394
2855
4184
241
1910
3615
3999
4138
4162
1631
2534
2062
553
551
2513
3140
3588
4339
369
1470
263
2843
43
2668
164
1223
2136
3563
928
3531
1585
249
672
2328
244
655
3858
3907
820
4177
189
1326
3306
2677
2147
1405
4005
968
411
1150
4298
2520
2867
731
4218
939
4068
1563
1281
663
3437
3857
3204
1985
2246
1209
755
2839
954
3103
2580
220
2625
2252
2188
2081
3327
1627
3574
1884
3712
691
166
376
793
1391
2009
1638
1358
3250
3521
3189
338
3818
247
1184
3229
886
1451
708
2914
1019
2329
3078
3458
3753
351
1387
409
1609
536
257
4265
1915
3726
106
1458
3357
640
3834
3414
4160
977
4182
2792
8
500
1292
1049
1578
4173
3677
66
3289
143
3584
1510
1279
3570
3895
1485
1112
3168
2436
2029
2291
3195
1742
626
3402
4070
2980
3320
1222
766
4035
2947
595
1634
1220
1157
3988
2012
2097
1734
2835
3941
1390
3787
226
2116
1818
243
2511
3411
4201
849
723
3715
1347
3939
1661
606
3035
3889
2032
1309
2125
3490
2470
1082
400
3755
2844
1283
2331
1289
3914
3274
944
1736
370
3849
973
1339
2226
2921
584
1691
667
3984
1244
288
3936
3503
3188
1349
546
2690
2990
2575
790
3916
562
2523
2895
817
2277
3654
3772
3087
3089
3039
917
1829
1914
3736
4255
4338
2417
541
3827
1372
1909
2088
1320
1495
4154
689
3343
1350
3874
2023
3518
3132
1010
2641
1231
1111
2026
910
4082
3477
3196
32
2564
499
2587
428
2354
1341
2383
942
2665
391
1531
885
2409
1774
2592
3010
4187
2324
3674
1738
822
831
3387
405
2225
4355
2817
988
1115
2270
2726
430
3575
1161
1192
3141
712
3663
4280
3267
3645
2561
4065
1318
3929
3820
508
520
1287
2640
3049
914
3722
1110
228
4279
1703
2939
1365
3225
618
1273
2619
2416
3621
2251
3813
206
3247
2304
3643
772
3640
3359
2629
2479
2688
444
3177
1304
3062
1816
3526
1727
3529
2722
3259
264
2335
1538
3190
3063
483
1354
1506
4204
1094
2172
347
2241
2056
533
4219
963
1452
3364
1033
3481
308
3468
3361
1294
1088
827
727
1820
2934
404
2290
2212
1573
1721
172
2872
3373
860
2986
3212
3728
1905
7
1233
2426
3646
622
4312
3133
2332
1460
3006
1986
92
255
504
1243
4267
3994
2381
1680
1807
63
2041
2765
1749
3443
638
1812
3953
1199
1106
2858
2314
350
2001
2006
4108
4104
1453
2924
1332
998
538
2466
1792
279
1166
1659
2401
1361
3160
2456
2593
623
3011
3771
763
3139
3099
2114
1528
666
5
64
501
680
1590
2857
950
578
462
312
1971
300
1913
1507
1151
2115
932
3972
1202
707
2611
775
3878
277
3534
377
2232
339
1677
4362
873
1611
3879
2391
321
3480
952
1861
2210
832
1229
2643
2272
4322
3678
4168
2779
1004
304
88
3806
3186
4073
2644
2571
2478
3718
4329
2091
199
221
406
2685
3730
3760
1965
2787
605
760
1944
3735
2488
4115
683
175
2894
1684
298
4042
2985
627
167
1468
3446
2203
540
4305
1083
1066
2374
3925
2702
1625
33
3844
4349
3950
3744
2808
2615
3627
3344
523
3182
2069
3773
1795
1380
3649
3650
35
3552
4259
169
3638
1976
1430
3417
750
1442
336
3164
883
978
2539
571
694
1188
1780
3374
1005
2692
1145
2255
3319
1847
830
3290
2455
1191
3871
3815
1219
491
410
3890
726
1324
519
42
2899
1274
424
2449
3166
2061
16
4114
805
2365
3148
759
1479
2440
270
142
2107
4096
529
215
1574
841
3484
2753
4071
1331
3641
2350
4217
629
4113
3758
2711
2120
4032
3061
4043
1967
3901
1622
1876
1172
173
1317
1849
510
1201
1870
2714
3342
1878
1119
3070
3881
3038
2267
4260
2504
3106
1389
31
1259
1813
1654
22
863
1752
897
1230
686
1139
2991
3872
4335
2161
4170
3442
574
3474
1705
4125
2269
3946
2349
3021
3903
812
1568
50
1124
1547
2434
3637
2266
3220
4296
2279
4150
4303
2624
3517
2773
2103
1624
3539
2457
2020
1898
1245
334
251
128
797
1746
923
3921
4326
2820
2974
2943
2219
2931
3756
3242
657
2521
565
3662
1480
3284
2658
4231
1846
4347
916
4002
2047
933
3928
1549
1925
1942
2913
652
2473
1989
178
3262
2389
3435
1843
1722
2957
2856
3138
1210
3602
2189
3176
3954
564
2819
3382
2995
3548
4022
3280
2477
624
1920
4318
1589
2752
3566
3086
1864
3159
4344
3066
2280
851
3696
1949
363
4238
2861
3219
2155
3013
1919
1454
2151
1532
2836
2185
3694
3867
1276
2737
1962
418
456
314
2265
2399
1371
1655
3740
1533
1756
2928
889
3935
1398
1841
3866
127
3104
1370
2044
4047
1558
3279
1796
11
1437
2315
3270
2150
3550
4136
3294
2085
1672
3349
3741
9
4159
802
4120
3126
4205
2194
965
698
4015
4247
735
3395
3307
4293
1252
3118
2946
2004
4103
1445
693
417
909
3561
3510
3990
4197
1980
2948
3655
1428
231
2780
1640
1517
2822
250
1939
981
2909
2079
1100
3449
3379
311
1162
465
3201
3321
2428
852
2540
918
346
1606
4027
1581
266
1384
2215
3970
2674
4315
925
450
2524
2192
2323
1207
1707
4145
1401
833
3631
3257
692
634
125
3519
1990
4131
2034
927
816
2736
2892
507
2008
2634
3724
3920
2718
2829
1160
3639
3532
1714
2653
3912
3009
1165
1302
1103
1716
3611
1886
3586
3314
1025
855
3094
969
1022
1769
4084
3362
51
1516
3634
480
2981
2746
2768
3616
1839
3685
580
3660
1932
2162
110
4363
3555
4179
3022
2418
319
490
1720
2897
320
2459
1269
1132
1787
2427
3330
1319
964
2127
742
2486
1409
139
2963
3549
786
641
2632
664
1616
1037
561
2681
2600
2945
233
3454
433
2776
949
448
3692
2560
3117
1840
3714
869
1258
3069
2545
697
1240
3237
3482
4351
240
160
970
1323
1541
3720
3892
1926
4040
3504
2805
1415
2514
3308
80
1612
3604
2244
1307
3088
1253
3253
3440
229
1695
3191
2806
3955
2076
2493
3810
4095
3798
2030
3045
1852
150
1211
3341
1998
1418
1143
2295
3165
1934
1011
1867
1557
4331
737
1933
451
975
2377
3702
2282
3647
558
4200
2092
2612
665
4085
184
1486
2405
3431
1911
3183
259
4342
2869
1866
2110
286
948
1091
2132
4074
3283
3156
2238
502
484
1968
1055
3560
1109
3227
4020
2453
83
2791
4258
4341
1984
412
1084
2556
2379
1146
3652
1666
85
1070
4333
875
479
1798
509
3135
575
2159
2254
3918
1158
151
3276
2207
3408
1979
3385
2911
3528
530
535
2319
3977
132
3814
3601
2031
3478
3732
3390
1900
2260
879
3565
1688
585
2302
2239
1310
4317
2823
2603
2579
2024
1719
3556
2958
2130
646
1779
1448
1599
2848
3906
2865
2604
3251
399
3127
337
3690
1936
4039
3583
3370
4175
1785
4013
332
2813
679
449
2598
1728
3328
2055
1747
434
559
2743
2907
2050
3793
2760
2002
2503
2626
3808
4148
2966
423
2296
1830
2815
2048
4328
552
1651
3048
1322
583
297
2199
1482
1369
1782
4273
3163
4350
2652
2502
1346
1593
2108
2109
3567
1117
388
3252
2933
2370
710
3002
878
485
1200
1266
611
3067
2288
232
4343
3598
2394
3952
904
1937
4237
1665
1176
738
3998
2186
3821
3911
1981
572
341
3365
2113
2373
4276
776
3410
1974
1303
398
2566
594
3001
4210
725
2992
1433
1786
2498
2646
3580
3899
296
2341
532
2337
512
4094
515
1334
163
1345
2191
1997
2325
2067
974
3258
3471
3384
3781
2432
2231
4216
2000
2042
353
4257
239
1537
1523
425
2888
777
1603
2100
3430
881
884
2052
2850
1475
2178
2195
2528
4370
2684
2647
3383
3922
4308
1217
2353
323
1410
2713
903
3779
2273
1750
192
1766
3536
1567
911
1893
1778
193
3299
2816
1190
461
991
472
1572
2919
785
101
2218
3516
2040
2237
576
579
4139
1305
3376
2014
2871
887
616
1584
3862
3624
2285
821
36
1291
746
992
3748
2022
4009
2831
1794
3393
3476
4051
207
2828
1277
3751
1029
372
2123
2613
531
4290
1857
3979
1524
2180
1399
2051
3391
3432
1731
1408
1097
2414
1108
4107
3515
1170
3908
2617
3224
458
1288
1577
86
956
440
2321
2074
3829
1788
252
2183
801
2788
1975
2893
124
3498
1267
3915
1174
2096
810
1596
2993
473
3143
3719
4080
2388
492
1152
4270
4058
3659
2128
2841
1425
2281
54
709
1041
2342
289
1764
1128
1772
1092
3325
1629
26
1545
2694
684
637
446
2906
1080
3608
3750
2953
728
1770
1313
4262
1743
2809
1316
3317
1449
3082
762
4220
3559
2131
4102
1957
2509
2797
835
2450
432
2573
563
4264
2283
2145
3184
1660
2786
3110
1633
2903
946
2755
1805
2949
2345
1246
674
3995
1733
669
1336
3877
2228
2451
2297
242
757
2442
3286
2499
1051
2840
1739
3470
4119
3416
1396
109
2920
547
2879
3927
3249
384
497
951
261
2217
1015
1810
2873
865
705
3897
3537
2181
3130
3434
2362
4297
3303
1954
989
1527
2517
1426
3000
513
61
3115
3713
1619
2572
3488
4352
1181
2589
4049
1872
2149
601
1940
1081
431
853
429
3032
3989
895
687
1186
1741
1539
967
1512
2452
4229
936
2385
3407
3964
1367
3098
121
3080
2807
4180
3046
3923
3700
278
1205
3524
922
4199
1901
1526
2227
4241
3268
3896
1400
2346
958
3766
4268
3629
688
1300
4086
2796
3329
3211
3919
2630
1904
307
474
3558
3761
105
2898
586
3493
395
4030
2590
2862
4211
650
4157
316
3688
1903
3959
30
1101
1554
4167
97
3047
2182
591
1615
2847
81
176
1235
65
302
3318
3452
56
1085
3777
814
3134
2599
2937
148
248
3632
1668
3850
4277
225
2666
3146
3544
2039
3500
1057
938
2680
980
2697
1646
2461
3347
3112
2071
617
293
2781
348
1972
355
4252
4081
3356
2938
3058
2965
1853
1887
2471
1493
2112
2082
3169
3986
387
1447
1799
908
3282
542
3807
3917
1671
872
2672
4146
539
3236
3535
2565
972
733
3605
2406
2134
1434
1001
2830
3426
1708
3625
4137
2208
1063
4090
1171
4056
1382
1702
4006
3369
1052
3670
4330
2650
690
1135
2654
23
2798
648
2196
1487
2292
322
791
1381
3593
422
1467
114
842
254
3801
315
2003
4323
202
780
1156
4062
1544
3764
3522
4310
2073
49
1043
2298
716
3743
1337
265
2997
113
1436
1999
620
2216
4111
2583
1463
3525
2384
2877
3836
2884
3876
743
1218
2355
1013
4133
1215
514
1039
2245
945
131
2224
3792
4281
3962
3124
1042
471
1204
3214
1282
837
3987
2174
2519
4029
1079
1561
1420
1529
2305
2676
868
732
1955
3120
342
4291
1446
548
2971
1604
2248
2637
3425
4348
2445
3040
3689
3884
2729
197
3851
3129
598
14
3394
4361
76
4364
1800
3041
310
2508
3053
2441
325
3485
3226
4172
2412
2918
2447
3147
3610
1076
1476
3786
2952
1478
3501
1645
3029
2163
2222
2011
1214
1693
253
2801
4165
4124
2221
46
4196
2059
3812
227
715
238
3044
1321
2209
2891
1378
1879
3933
858
2732
3372
2975
3261
1077
3614
2472
4354
3648
3542
2675
1831
1679
1450
3453
1930
2984
999
72
1696
3457
1136
3119
3026
154
2700
3763
3577
1270
721
285
2541
2480
4300
2581
3367
807
1423
2386
4045
282
179
1298
403
752
1863
1121
2562
3951
1359
1775
24
681
469
103
2775
767
4003
201
4292
162
3403
3800
770
3789
4372
1016
3380
2915
1575
4288
4079
1969
4152
1036
2669
3824
526
283
3074
1438
3947
615
2577
2235
340
3018
3027
3213
1790
2834
134
609
2783
3338
1658
803
3839
3508
1698
2307
2492
3085
3275
2845
3843
2366
3873
2407
2512
3050
1825
3636
633
1963
427
3607
3976
3863
4353
2141
2363
4126
1312
4235
2784
2874
2080
3842
825
2158
4224
2543
1311
1242
3464
1483
3472
1560
2387
3590
459
3825
1255
3790
3036
3217
3438
1755
1197
2955
129
1730
4320
4304
3845
4236
3687
3241
4089
3613
809
2880
1432
2494
3199
3171
2198
4141
1065
1817
3635
496
452
2348
3668
1048
2487
2998
1130
1023
2659
1439
1621
3778
1481
3172
765
769
1500
2506
194
1280
722
3170
4092
2825
1455
3910
4011
1789
1497
165
1187
3541
439
10
1017
3852
3207
3978
1212
2485
3221
1351
317
1473
3926
2559
4118
1271
3463
3630
2972
3439
711
1994
4198
2866
3822
1894
2138
1046
2960
2458
1892
588
1970
3870
3770
3680
2664
3769
1142
1751
3019
2932
660
170
907
82
1958
2790
3742
3461
3540
4207
4166
3350
1555
3064
892
3997
3960
2400
1093
1647
2887
4012
1662
1518
2294
1397
521
2691
4285
590
1844
774
1178
3612
2322
2754
4230
3238
3676
1173
2826
1278
516
2709
2764
1588
826
415
1114
1947
1543
2977
3709
1208
378
3794
1315
1075
1403
549
4261
1427
284
1424
2146
525
454
1916
800
2925
4004
4105
2803
2505
3514
1175
4256
3717
1032
3699
2119
1008
3116
2657
3405
1744
3721
38
2804
621
3386
1873
3479
741
3208
4128
2299
1552
2173
3894
1164
2201
2618
3157
1530
1809
488
2962
3969
2413
2205
1407
3957
1183
962
670
4306
1153
2766
2567
4313
2651
361
1793
2738
1649
787
1338
4183
3797
714
426
3281
2759
373
52
2902
2481
75
2785
3122
3961
2602
358
2622
804
3805
3875
587
3554
1833
3830
1002
153
2689
3421
2770
3260
2313
205
2628
1987
3332
4190
647
1078
3617
2343
4031
2053
3348
3337
2094
2802
1505
4044
625
890
3334
2165
1700
522
1826
960
2382
847
1086
2250
569
3841
3155
392
902
4188
3142
3371
67
1194
4314
1090
1595
15
1118
1123
2621
2017
1388
2278
1062
3473
357
3254
112
3557
888
3520
1496
1363
95
4366
2058
971
476
3083
1491
3193
3592
2741
979
2812
2398
3832
2057
1652
537
2648
1762
2392
4025
2491
2662
2380
1127
1607
857
1811
77
1623
2769
2570
1018
375
1908
838
2404
751
1466
677
828
3487
267
658
386
3996
1827
3311
2133
208
1059
1009
3419
2025
1571
3335
717
1402
4287
3428
2200
3695
1348
1753
4225
2638
1845
2733
1193
1375
4212
3310
2578
2715
1776
2979
1392
3553
1489
183
3345
1068
4192
3507
3234
4282
2904
2531
1343
2043
2376
1715
1883
460
344
2144
1591
1067
145
3967
2735
3902
4195
1643
550
146
2420
441
258
2431
3154
2261
824
2303
1182
2777
976
3704
3228
1600
2912
1509
3869
2989
3090
2569
3248
3931
2860
798
48
1419
1421
1917
3145
55
1709
3958
739
1308
1687
1465
3057
2687
327
1959
3333
3174
631
1299
2496
2837
4309
1613
1993
4007
3255
1050
1006
1511
997
59
4155
3983
3562
272
4156
3705
3697
581
3665
2763
2942
2671
699
754
3200
1471
2177
1196
119
3691
3942
1880
1888
281
326
2021
4059
896
4321
1464
656
2727
27
4246
3905
2552
2411
118
2853
4014
477
2171
1946
2124
1706
2111
635
859
1583
3
1490
2129
3698
3368
4101
2247
4060
3780
18
756
4143
390
3846
843
1801
839
3003
2490
2568
481
1301
3796
3192
753
740
3948
877
3512
144
138
3412
3433
149
3277
1565
39
1676
3497
3891
1095
4324
1771
1885
397
2317
900
1306
2686
2563
3880
2585
1768
3991
3324
1137
4227
381
1047
2649
1226
1195
2439
2233
1802
1514
2699
141
4213
374
2846
2723
3633
2557
3096
2310
1383
4283
2475
2306
2223
2396
3444
2474
3161
1116
2484
1502
702
811
41
1871
4203
1681
2553
3973
4222
3930
2049
4185
1027
4171
2293
3981
4021
1854
1760
2917
3316
2438
1938
3100
3181
2940
792
4008
1865
2771
3363
2969
2495
2105
1126
2734
1836
1626
1895
4319
2253
874
3436
1881
324
2886
1773
2156
2721
678
994
3448
1352
4147
1494
222
2423
3733
3904
1636
3185
4307
749
1021
2532
2708
457
62
1642
17
2410
1550
4340
3883
2013
1759
1808
1513
133
2118
3293
796
90
1548
94
1657
2725
2597
4251
3466
1542
1179
3339
2605
3816
1856
829
486
102
1177
364
3427
2403
219
136
1185
3856
929
301
2390
1620
573
661
2900
1673
4046
577
329
557
2642
2529
2968
1992
4239
1534
1089
2663
3034
4223
560
2950
2601
3125
2102
3886
2347
808
1028
4041
4194
3551
2358
44
3076
899
1973
1653
330
3938
2236
3496
1850
4163
779
771
3305
1587
4346
854
4209
3297
4233
1956
3855
1837
1163
1232
4369
3943
1977
1950
3152
4275
4018
4181
1648
2448
1412
1435
2015
1678
2742
3304
4122
2256
1098
4359
3853
2882
2717
1875
1247
685
28
3273
4191
2070
3079
2878
996
4250
745
632
420
662
1120
123
1519
2316
3108
3675
990
2811
3210
1740
1330
3628
4232
200
4010
1586
589
840
3198
3622
1264
940
2424
98
1189
2402
1125
3206
1943
4357
108
1674
2037
608
1364
3093
4332
1896
3809
2046
1456
394
3882
299
3739
3015
2054
2066
4228
3729
453
2320
3203
1155
2421
4286
4311
359
3864
3360
1828
343
3489
4050
2870
1964
1102
1020
987
4193
3460
955
40
1227
3378
115
1610
3151
3323
2429
3263
2596
1329
1038
2500
3803
1546
3450
2916
1044
2538
2639
3506
1328
695
407
3441
1559
1918
1767
1823
3288
3346
2338
836
3459
2264
773
566
1897
3578
3005
2340
1206
2361
4266
799
834
1333
1406
2179
3600
823
1735
280
2175
196
3749
2289
3445
1848
2276
3725
2827
3406
644
1504
1413
3055
2973
3023
2588
3747
555
3975
813
2005
2263
1630
4215
891
1758
3031
349
3651
3681
4158
3467
3666
3847
993
1140
1379
4110
2099
901
4206
3817
3054
3545
941
3711
4116
1238
3486
3205
4088
4248
2139
1941
931
4345
107
2065
2635
3240
2582
494
2868
645
2800
3007
2983
3576
4099
1569
592
3776
188
111
4161
1725
3081
1169
1564
2311
1236
544
230
2782
2274
58
1859
3167
1924
2164
1683
3791
1
3619
3746
216
846
2704
161
210
3848
3256
3579
957
1213
2444
636
191
368
1928
2242
880
2678
2656
2497
100
1525
3158
3667
3107
3932
4289
1991
385
2967
2749
2594
3245
3828
3451
1131
3785
3162
306
2745
1073
761
2695
2249
331
2045
99
1414
906
3355
1960
2333
2703
126
3243
3068
1781
870
3547
1272
943
3296
1650
1239
518
2240
4028
2849
2586
2852
366
4169
4244
438
1344
610
290
21
748
1882
4149
2018
3455
3052
534
1907
2833
3693
2166
1216
3469
4208
4053
2010
2330
4144
1637
13
1724
4295
1922
3202
778
1237
1122
345
3865
1521
1832
2818
1159
3322
1248
2614
3495
703
724
2633
1030
3381
3965
2778
268
3215
2876
788
2655
3244
893
3754
1508
1765
1061
1144
1355
181
2719
913
3180
313
2019
443
12
953
2774
1335
3671
1225
4269
2489
495
2595
3004
4272
1503
2883
3298
3505
3860
1690
2608
1501
4055
2930
1404
719
3623
1710
2929
1784
2661
4221
1675
671
4371
4130
3235
524
4367
921
2027
3073
3594
3313
3661
3672
1034
292
4189
2028
556
4067
93
3352
2308
37
1717
393
3475
2093
2126
2197
2533
784
3358
187
4063
3571
389
2854
794
3424
1342
256
3802
3153
6
1520
1535
2667
1105
79
224
3042
613
1385
203
758
2106
1562
1268
19
2038
2351
1862
1457
1498
2645
1953
4254
1366
3642
2312
3603
2851
2336
3392
3940
1961
2679
2104
1697
2756
464
700
1441
