28925
15820
11317
9999
13801
14206
28408
975
10997
8568
592
4773
9781
2073
14093
118
26519
29852
12496
16215
13771
12103
13479
28088
25065
2767
18957
22121
5991
27094
13772
15974
17588
18105
2045
26233
25898
10863
1868
19932
6824
28624
28391
15188
17721
27526
26965
22927
280
29623
11076
25870
13387
24287
23577
9494
23507
4105
26378
7539
21841
23643
9695
23928
26950
27993
9181
24903
22597
9251
7533
6371
19971
29627
25326
22051
26952
12134
12725
17460
13089
13966
17806
4459
6007
2402
1275
16246
11335
7918
13085
2539
2409
26835
23962
27334
5802
5780
9291
13515
22519
24924
2859
19489
26104
28357
29771
6758
4020
11166
4689
2034
12507
20893
10978
16267
7740
20548
23144
29173
25519
26985
24044
13503
7813
29668
27183
1272
10736
514
201
13516
22267
29755
10689
16649
21864
21939
28364
27613
18965
20647
13631
18638
9055
11234
5759
5104
678
21819
21142
27168
3431
9368
3619
16582
11239
20594
27854
17173
22521
20057
18546
27167
13661
19275
4677
27579
21770
20515
8532
7968
3525
21413
21197
16588
7540
4358
2956
1294
4466
11541
8098
26854
10659
23474
25983
19068
22144
25929
7000
6696
21862
17036
23512
4929
15172
20565
16783
29156
10316
11427
18654
8577
27344
13282
9287
1588
9127
15541
22765
2126
22801
852
21797
14100
1898
17387
23876
15842
20307
22707
29939
17523
23478
14838
13149
11963
7126
1432
12656
1833
14792
8936
29704
17365
7672
16114
26891
8644
13742
6613
4237
20919
7671
27
10955
4231
22340
11063
3884
24208
2122
8418
4315
20504
3929
28371
10789
344
17878
26148
13806
15138
17120
17461
1423
5136
6005
21044
29858
5142
8075
10501
17485
28266
14765
16820
7270
8020
18243
19865
3703
3508
14553
25257
16967
16756
11029
26834
16626
3395
13003
18200
28687
13271
25520
11404
17280
19145
24711
2970
6741
3900
17836
23671
6767
3212
29986
14398
3596
10173
22586
6422
16035
10190
24504
10713
23849
3195
27408
14637
24934
25328
1455
21028
14869
4491
7514
723
120
1273
2684
29134
16139
20253
27651
21690
13418
7096
14220
15781
1743
5597
463
13914
28404
15291
16252
724
18142
19242
14873
21399
8332
26551
26174
15565
12173
10200
15800
17402
8887
8061
8680
27138
23212
17939
12819
18846
7093
24206
17796
21465
19207
17579
7713
17659
558
15021
18748
24439
22573
25295
12700
21141
15852
14055
21539
18560
16960
28562
4053
18114
28462
978
578
3782
24262
24721
10191
8069
6629
757
2327
3699
8404
17946
19525
10613
20823
2471
23177
15213
7883
19858
23274
6851
19301
20043
318
7991
1127
23678
19879
24314
28982
27196
11700
19465
81
25038
19611
5022
26293
4756
26102
28483
28905
24523
2578
6232
25583
25662
23151
9183
25654
8068
2677
20324
2950
13909
24642
4295
7020
16798
25958
1946
12074
4944
5880
26475
9541
20521
23517
18100
6409
1706
9657
17619
25028
19783
368
1918
13447
397
257
16953
1002
29463
17921
14487
29667
26168
19173
25011
12689
18773
6944
15916
23389
15408
20227
10605
26248
16882
19196
2166
18966
19397
8805
8109
2152
19184
26766
4301
1448
20640
22620
9012
20706
12997
25804
19530
28800
2359
22508
1646
10473
10852
22982
14787
13831
27098
22325
20106
8128
8995
25696
24634
24201
17446
6729
22747
17751
15098
11610
9446
24334
13172
21189
27203
9350
14154
13779
11970
12601
25501
11309
20931
22046
2222
28212
15495
8307
12014
6931
26339
4645
1617
22797
23002
24844
1400
26863
12468
16298
13730
26733
1988
5798
3368
27853
29364
12087
25157
17053
25809
2696
24941
2347
26929
15059
12889
4614
10958
19374
27430
5671
2712
8518
29830
27602
22213
14027
6186
9799
12286
29717
6467
19289
18882
14057
13688
2247
3249
17748
5023
8027
28544
5085
7353
7902
6444
26637
23354
6640
22868
12895
5437
9453
19511
29389
20506
4913
3456
23847
8301
1748
25727
28907
29505
15895
20670
20871
2516
20798
139
29057
11868
6856
14499
13732
27586
29151
3371
23236
17617
20281
3805
525
28262
4254
28275
28865
17956
13945
605
12908
12366
15222
7959
9711
7620
12925
24042
29853
7941
19056
20341
20386
12504
21071
19720
1986
16723
19825
16911
9959
12915
15226
21657
27944
13134
16561
5694
5963
24475
26695
13588
25644
3251
12419
27491
13464
21552
23630
18373
18261
4280
18945
8269
21149
3677
26685
2156
20208
3080
5106
7763
20822
9359
8176
22391
1225
13659
25562
25859
7734
13230
11834
18573
17385
9246
6034
8620
15904
10905
23521
16424
24203
13191
14904
4125
27471
18483
3270
1728
17482
3599
17502
27862
4817
10834
10121
22807
20382
12356
4184
16144
23301
23121
5829
7319
24335
7215
11295
28659
26536
23941
4531
17300
25371
19703
5516
7081
21500
4676
16755
493
24707
12440
8465
11158
26931
26559
19855
23555
2057
17895
18918
11642
25996
27212
23905
890
17695
13527
15510
16825
5698
12402
24395
16526
17798
18229
6754
14836
10959
7051
3120
10233
4245
19639
3724
8769
20853
6650
19624
11077
28164
27302
25127
6031
7506
9600
3465
1347
20844
17178
16622
29430
3723
14741
13886
20112
9848
14225
26697
17282
13053
8047
12115
17726
28634
18679
1570
2914
1014
11977
8794
25759
27669
10832
26277
28936
26184
12654
24856
1139
9400
25178
26789
19590
19545
16647
27920
10871
2401
15107
11131
394
12902
18085
11075
27538
28103
6295
20177
10568
17273
7420
15760
27377
23532
1252
13951
12327
7026
24072
20501
15240
12290
21839
2826
15650
29487
11123
19647
10774
17736
3001
29297
15318
21193
9313
2817
25238
16383
3851
26527
11841
6277
6471
26995
517
28513
15189
11139
12330
14222
17682
27145
9338
13882
24507
11416
24449
10821
28948
21300
5397
18223
25512
10620
2261
8450
26529
31
20084
18427
5150
12069
25166
15028
25587
15082
468
15309
17079
15897
6907
25542
15464
4405
188
7547
17596
2876
7724
18510
7089
15693
3836
21937
2068
26198
20860
28942
5452
9934
78
2447
8405
15765
26511
5764
13339
879
26859
1045
25922
25798
17743
1602
8262
24184
16233
18947
8505
18824
4168
6268
25225
21514
11877
3026
4471
12683
11467
17707
11245
10457
21343
24845
27878
5577
3284
19878
11505
16508
3330
14751
7942
18333
27241
11853
16386
26140
5088
28331
17753
15378
26351
424
12055
13127
27253
29944
26067
6351
4410
21756
15746
19575
10662
10704
7910
6187
13621
20817
22062
16766
29300
25824
11023
306
2353
20600
22657
4342
25602
25364
23635
14336
15799
9692
11169
26732
3955
16630
5001
22286
23691
3608
6310
25924
4559
11065
29954
15289
12961
17264
26130
2985
4946
10931
6028
7889
16840
4327
13197
3743
29248
29411
6906
1670
7433
16001
17896
1709
28594
24214
21008
25067
8407
3103
5147
26948
18961
12990
18664
29119
19375
18131
10904
4515
21447
21054
9469
14859
2049
24648
11996
1596
10870
22858
9186
16332
14546
28765
604
14152
24378
15383
18168
27960
12566
19516
5664
5975
26530
11460
16185
667
17360
24715
29201
17581
26165
11816
20033
7966
12322
14335
28522
26185
21024
29930
1460
24441
21312
21906
2645
4190
9471
10246
13788
22553
608
27083
22743
1559
5070
7510
25000
2071
8573
27505
22888
13902
18080
18706
5521
22805
14825
15666
27813
23499
549
11720
15417
13475
24815
7013
3794
9637
28807
25677
28135
9974
9222
12291
12090
3404
12669
7629
12297
5119
23416
14592
7873
1250
17044
21633
23080
27047
20738
24758
15889
12672
6744
9716
579
17494
6485
24139
9165
7354
4526
25881
28459
13855
22910
14632
19482
29488
25968
8600
13962
6934
20778
11209
11142
17363
18703
15926
5712
21729
17909
9256
13654
26680
28019
18057
18517
24979
5623
22984
4117
19938
19038
16790
23924
2997
18569
3552
23719
18228
20745
13626
1177
6329
20559
17664
26453
7370
21205
11194
12574
11156
25752
19138
8365
1948
21297
12584
26411
21788
25755
10635
3203
19791
22466
24257
11240
16891
3128
8150
23268
11345
20826
12923
856
16308
12877
13541
27762
5038
10621
19994
29140
21905
22456
22975
19659
2906
5025
10626
5086
11151
15861
17709
28334
13918
19688
17568
8595
4035
10520
24999
12758
24283
15589
16028
5849
2930
25885
11864
22588
27208
8468
7617
9574
16641
29890
8439
1356
21972
23557
1583
27188
3820
6952
14110
4971
15409
9905
2966
28854
29910
22328
7544
7265
26126
26607
4380
9737
1147
13091
1422
16975
1718
20639
2884
58
8714
8611
15949
3425
2089
18528
28665
26251
7874
7159
7330
19997
6017
2441
212
22003
20753
263
8083
20343
7426
23253
22034
25465
24991
2111
25041
5003
22139
21808
15892
18586
7210
29446
12733
17194
28931
24088
23669
24490
14402
20686
19090
3597
16888
21917
25716
21671
23999
6050
18726
8312
22606
28440
29395
29779
10066
24176
28013
27543
4832
22836
3878
984
28448
18447
8028
24514
13681
20222
27523
4739
10942
12436
8658
18059
2383
26816
22485
26348
18032
1394
29234
28597
10285
5313
4336
22449
3871
3313
14880
18880
6867
3957
20497
27157
16685
6770
17587
21824
29601
2147
22199
27588
9969
1198
24260
28471
27603
24066
37
8572
24533
7770
11711
6839
2015
8121
15957
20923
4153
6143
9122
11975
17125
27554
24566
6457
7386
14024
29246
23444
10451
8043
23129
13298
22602
9026
15996
25403
6875
17256
24609
869
9836
10065
3668
18520
5656
495
28658
5089
14716
5177
4941
17135
6610
24831
25110
16573
1704
22007
13331
13289
28776
27337
29857
3131
14043
14597
14419
941
26792
7166
12913
3801
8037
16524
3173
2545
2148
18209
22978
24342
19427
24498
6012
26645
20146
19676
8148
16272
23352
27615
4081
17577
8352
13837
18325
16949
254
4355
18707
15941
9874
12541
10
8999
6278
15287
26324
13670
11138
14986
11678
25640
19030
9966
11130
15449
23914
14712
14180
22970
8422
18735
15052
13176
7405
10507
5578
8129
20772
789
21621
14561
14509
18632
20125
5257
18963
10259
5483
21569
7805
12354
17917
16259
19439
22621
18492
17898
28898
18991
14817
4195
25128
559
12926
384
8931
4754
2868
12824
17187
2873
24286
25864
1659
25854
25796
21880
7338
18021
28876
15209
24783
2797
18449
23761
22278
20768
24814
9746
2024
907
21342
27634
10181
4631
19601
24827
21904
19156
4100
18001
16583
701
17528
10365
14804
26807
16950
4488
13437
2224
29688
13976
16930
7297
22369
17106
8086
11512
9860
1830
20705
1981
22170
28243
16512
2103
14318
10083
16857
26981
16771
5971
7278
20818
800
18593
1020
9734
24481
14867
19993
22570
22382
8964
2822
10012
23974
20797
17710
27296
4652
29305
26656
26693
19189
25523
23830
5549
20762
20115
16313
9511
20788
6768
28263
19220
18978
11995
26291
11551
13270
16837
20121
12135
27874
21108
10727
25380
26715
7031
25199
2028
8766
1805
11060
11979
21688
13825
28660
14353
7530
1955
7357
19407
26358
27661
15208
11761
7066
25311
4089
21153
29067
23376
16699
18844
2849
28182
27660
1103
14539
27655
10609
5716
16838
10808
17821
5487
18853
15962
26020
10322
21763
14494
19984
11469
11092
24607
15707
12634
17854
27612
15478
29567
25068
1563
217
16218
1439
4949
13734
16400
28906
5670
4539
4063
26957
25528
24284
21502
14951
17779
17677
16917
21423
14893
8081
21117
5461
10880
5078
16109
8138
18732
22670
20601
10982
2380
21233
1834
27869
1214
2329
26457
26919
27251
28609
6511
17696
7423
23780
17831
22370
16197
29456
15178
3162
452
9075
29219
16673
5282
4563
14379
771
16407
4222
6538
26764
29761
15363
1027
29988
4612
13040
14290
914
28091
25605
14113
27748
26086
16084
11187
23702
25261
15220
7226
27088
17348
7247
25807
728
12228
3860
24271
13881
4328
12784
28449
29932
23796
16475
21241
8302
3918
155
18973
17283
29320
22817
18964
2794
24725
9219
8939
7845
12605
3487
21717
7797
18739
28521
21131
17016
9334
16906
22497
20058
5411
27245
25223
11950
22227
15716
29901
3253
3035
9953
998
2190
3267
5321
20359
29084
26526
1031
10063
16991
3397
7606
3230
21553
27535
21548
24622
8508
29651
27998
11712
22368
3885
18839
19373
10163
21321
6668
16919
14517
2941
24748
21585
8050
16145
20585
20250
16926
19343
15436
8340
13748
22526
2802
3074
26081
7091
17684
7720
12858
7190
21678
2659
13583
1060
15944
10826
8564
8531
29290
13061
17783
1533
12282
20370
2099
13679
12891
18767
27921
22197
23666
28812
13311
28825
3697
25839
11964
19139
9399
3732
18938
16789
25051
20018
16099
5524
18051
21984
17201
25088
5592
20518
204
1015
6258
11680
29366
14903
3780
19025
18420
28561
6095
6811
25811
5492
28803
10794
9439
19900
22889
18497
2588
3125
8561
9187
29815
14576
18958
29933
12568
21037
174
24145
23251
3624
9971
25703
19526
29117
17890
22883
10004
23657
1324
28992
23097
29423
9089
17114
23508
26751
6336
12461
29336
11341
14486
9548
6234
25812
21642
9158
24599
1689
5333
17216
26285
14185
25848
29365
25382
1360
20085
26333
14396
24424
16300
2652
29723
20
9095
11284
21359
11916
200
25777
28974
20092
8759
29865
3781
19256
25106
13461
7127
9627
7668
28379
14790
16456
14674
148
908
23821
9376
20429
9360
21090
3410
17292
7535
14114
17481
15505
6174
19287
23613
715
18225
10771
5557
6669
18619
5813
5383
25548
14575
2108
11338
1633
22113
14381
20094
24140
10743
17667
3017
19034
2069
16360
1304
4071
6500
7628
23647
4642
22843
20837
26219
25086
2787
2490
6019
5814
27329
14522
24937
16231
29184
5515
13431
28366
208
13510
5495
29948
19552
24369
15758
4737
8781
16306
4590
1856
3983
25792
5782
18266
27279
28981
1865
15150
21602
4018
3686
6925
20939
9880
28871
16196
9596
2892
13471
1657
5817
23294
24571
22694
7466
1418
15271
10119
21315
2881
25717
27836
3634
27594
9506
24123
29195
7456
16224
7607
15873
23327
23222
28153
4163
15131
24787
7583
2048
9706
24118
13098
4965
16146
21181
19036
21679
2151
15145
17127
2498
25581
22579
29013
16116
14745
19026
6458
26084
12306
2878
9214
26014
16619
11355
2065
403
181
26673
1601
8696
19953
355
4272
25483
11320
17111
18698
23679
775
29576
18683
6079
5244
17734
21857
2379
21266
17772
12133
17730
4667
16651
29570
24639
23118
27963
5801
25916
14211
26459
25846
22444
176
5885
8326
1641
19248
29766
4798
22821
1623
8444
28038
26212
13874
2703
16040
22049
19888
27307
25521
23170
4835
23198
19696
7227
26644
24750
23772
15912
16721
1269
29863
19255
16486
17680
3167
11823
357
3897
22097
8691
22856
14535
13024
6265
12800
14739
22576
14930
17747
6030
23720
9289
12816
20681
28990
11296
29074
8895
14829
16916
19462
8897
23008
20436
2414
9135
2709
11175
13041
28078
11212
24929
14925
6762
26683
3698
23433
22141
20567
12985
11870
22549
14326
7499
21441
15447
29921
9188
14162
25495
11737
21355
28450
442
24875
29493
12211
170
27517
12029
4230
10632
23738
1441
16900
12193
157
15542
3407
19120
10638
27149
20890
7337
17815
19350
9903
4568
19578
1936
8616
13964
18328
14030
1579
18305
23332
16339
22482
11462
9823
21501
15041
4145
9410
743
23160
10198
12624
22153
9683
27104
2673
14549
26590
11675
17826
24402
26555
20178
3561
9386
27599
29252
2579
7609
17012
24458
1674
20694
14207
9930
8803
18821
2945
11589
12487
24398
1401
15144
2130
13842
17004
18775
23797
24749
2586
20233
4566
6163
10208
18242
9458
23237
20217
26254
8655
18391
8923
26953
25361
18879
24017
11457
23000
7018
7762
29592
8480
22207
3088
27951
17345
19743
12096
22193
2258
16245
5352
1345
22857
26136
22781
16751
371
20074
28713
28782
4414
20553
29079
9664
11282
14753
12338
6974
28511
12028
6004
22874
7498
27911
12898
24847
10100
15248
6583
4660
133
12848
9440
29675
17486
26860
28938
28843
17223
14443
9606
14713
2460
5031
24761
15496
27624
19219
16093
2090
8684
27465
19919
19699
20696
26385
15552
24454
29998
17217
18249
4481
28479
3499
8333
2503
9090
11472
12142
24839
13484
6501
7343
19701
17631
1765
27860
9826
16700
20103
23494
5862
10300
28978
24998
13901
29400
19450
5951
17021
24244
13440
23945
16468
28912
25054
22956
23440
6773
20995
14743
5912
25760
13627
11827
18377
16323
21366
17809
6563
10551
2182
13580
21596
3378
25899
16291
18572
9676
27036
868
26801
12332
28163
7644
19386
15077
21952
5234
19308
9763
3798
8903
1281
19670
29888
8720
7870
12341
19598
9846
3865
4897
26630
10600
25819
9803
4723
18611
27999
23765
16998
27323
12414
21285
23887
7092
28270
29971
24274
2017
28834
1927
925
13078
17058
12506
20451
26465
2204
25882
19929
15700
4597
20609
29670
10008
16148
24290
29251
21318
18630
11205
7579
16008
19544
5421
399
11620
7757
7453
16128
26832
26822
27949
8137
2219
9802
14559
1740
26914
18402
21364
9428
7490
18594
22429
24129
5751
770
18090
28499
2064
29242
4176
1964
11830
3626
7821
22589
8674
8635
14092
14438
9748
23463
29976
479
6081
22611
3327
19136
27991
6820
25820
3636
7040
20110
2853
4808
16608
6809
26884
6395
23314
20016
8693
8969
29236
3134
13738
9235
6695
14020
20722
10013
16868
1571
20910
20830
12398
5677
2615
19150
23390
19717
14989
23818
215
4728
22568
16539
10105
16248
4156
20965
18007
22352
9556
22384
23365
26159
2508
17513
804
834
24013
21418
12435
27236
18747
24608
1085
2854
9431
25431
29818
20977
21677
27560
17534
7786
18187
12980
24650
29472
1413
5328
4389
4218
18387
27807
5312
28709
24691
29862
8928
5067
10749
20763
14498
7276
6801
4011
7289
14414
25553
6847
24142
1123
2370
6716
17259
22222
478
1540
28095
25148
29904
9904
28166
4210
14548
11474
21780
28492
4735
24153
11521
7156
25096
7892
3978
12667
11858
12962
3757
3911
14386
2501
1855
28401
25707
3799
21138
22582
17683
2023
18926
22893
20680
23427
361
28148
3504
17959
7840
27642
10624
26337
23656
21199
7829
13227
17860
1328
26717
19925
5561
22660
1131
25218
11353
5336
25973
22828
16307
15306
16845
8786
18233
24771
22959
8046
3406
11013
29091
14994
7037
28040
7719
17662
12355
13848
27460
27187
3705
16278
22777
2320
18194
23799
26247
13986
1013
20651
23320
21915
14865
19965
21828
19996
25180
29439
27486
7452
11906
4741
17087
29183
15259
9437
3117
9170
15018
19223
15762
14711
23698
28308
22014
12052
28664
21703
23829
11330
12939
20742
28721
11914
7999
24597
22506
2846
13427
17650
128
26874
10951
13368
29931
2510
12054
19747
2019
20953
4258
28152
6284
3625
3800
19862
7178
17628
19492
14377
12827
15772
9789
19709
10481
16720
28770
22052
1665
29917
17834
23377
21645
25950
25376
21859
29001
29238
7921
19892
19868
13994
15935
5997
11426
14060
27077
12890
4523
17447
13565
28272
16933
28755
13045
10154
7661
27695
11815
20070
22659
5756
13551
90
17068
24371
24569
28767
1077
5087
28208
15031
20424
20947
28896
2654
29283
16157
17325
6838
11639
15143
12170
18130
9038
25416
9988
203
20189
27548
9623
23640
14022
21106
23768
26341
18011
12791
20612
18352
11009
17052
12844
29368
17193
13234
851
5481
18043
12940
26392
25685
22683
16918
29871
4709
3332
24069
19898
15406
10674
17286
14956
990
5889
28773
7287
14199
11160
4123
22159
25437
1260
14883
1573
25215
29344
6699
26636
13761
6935
13069
26390
2686
24535
692
1396
22661
6719
13960
2577
26295
24128
16677
19454
14823
13166
11110
10779
3671
21005
19323
27342
13202
2104
24003
4281
24110
22133
11281
12386
17644
24604
11765
29318
11080
5115
26068
2096
17441
531
7624
23872
8278
3648
11163
14000
1136
21079
26443
6559
21554
27581
7043
12636
17915
28715
17309
1758
1749
861
5002
12199
4807
392
2845
11938
7272
14435
2321
17911
16347
11621
14047
6250
2793
24793
5913
4860
339
29338
3391
7417
16650
1492
29268
17784
23820
2820
27395
19124
12635
28162
12075
8433
2644
16129
9442
27431
25728
7822
2087
5006
2958
27371
3745
21510
7106
21289
5027
29255
14384
22979
12202
28250
19529
1756
1049
25197
26047
10766
19948
19415
24848
23838
14651
29824
9007
4755
2848
23503
25079
13776
10536
27133
6654
10742
14352
675
2771
10252
8545
16662
8551
10643
26382
10975
11633
6037
5120
16568
3447
2799
6764
7105
23308
18884
27207
1421
8692
26321
15784
19148
7735
29317
9288
413
20554
5954
9196
10271
21281
5102
6805
24561
17323
23967
1909
12704
2305
4589
14117
10973
13000
8263
7875
26808
23437
24867
26426
10283
17242
28971
3605
29164
10227
22604
127
11768
3382
8039
7600
18367
13002
5029
11607
21946
26493
8271
18979
15987
20650
10030
26594
22300
28816
8070
16646
24589
13236
19175
21247
261
27946
4543
28680
24717
14085
3586
17769
17618
25103
20127
27244
18526
16728
26962
10020
24647
2666
635
24619
15606
12658
11199
20603
12267
19142
754
8854
6438
9875
27283
4046
27353
14928
23368
27981
26458
2423
27216
12628
685
29340
19249
28844
5378
23361
27498
19044
21854
6036
25828
24623
18614
882
7334
18946
638
15374
24635
2011
627
14895
29145
1731
5918
13
17759
1998
27412
1005
7367
7698
8845
25023
19092
27697
18136
1838
23339
12196
9096
22427
8694
8677
18197
11034
3493
22531
27014
14241
27300
28041
5723
18218
19162
25642
3034
6564
3437
1578
17368
13157
22405
28565
24469
3658
6887
4335
13599
28804
9708
28458
25825
24818
14983
29534
25355
23073
19267
12729
2084
27880
317
1707
1692
12616
20363
401
20790
27910
2477
2781
20483
8784
18380
15175
17009
22435
3623
27324
13391
1283
977
16166
24198
21869
24546
9902
4418
21467
5888
3239
11470
27171
6993
6115
12333
18318
22072
1003
14701
1483
25940
2086
28780
18327
13965
18074
27411
12971
17547
4302
13689
10270
24784
22039
28675
20718
17171
19724
11487
13915
17851
18928
10460
17990
2080
4424
1456
24770
24077
5941
14468
28179
19211
40
29075
20936
29520
27286
21750
16955
18047
10617
14847
14190
16476
6332
17646
10329
1125
26928
25514
17689
22802
17334
29032
2279
21693
22760
19312
21605
6714
1864
23392
2446
8540
17907
21438
26026
9189
2333
4758
14373
18796
20546
29428
13647
27918
707
2439
17980
20577
5414
288
9062
1357
24393
13894
17288
1999
17137
3387
7429
19732
25230
21827
15446
14234
22075
16703
9094
8212
28305
15357
1303
8876
6678
2083
23734
29053
3913
23684
18993
6707
28700
22591
25286
17978
15067
10877
22518
25167
27019
11450
12812
291
13967
16754
20245
26667
18983
878
3954
27814
14993
1465
24058
25976
55
8751
22920
19078
20029
4504
6991
6022
18281
13763
28467
25342
1334
12592
14850
5505
14673
2133
17108
5494
3848
1216
25161
11455
9141
11039
19890
2991
22496
26904
11738
5290
10592
22783
5447
1151
23383
4535
7637
8377
24060
22320
25030
18606
25926
15708
3268
11067
9914
18322
29426
28827
4979
23672
23501
28214
9796
15863
17406
4346
8877
26627
13860
28075
9302
3842
97
23636
1619
28255
13075
14213
28432
29431
3266
1965
5946
16580
19554
1905
13094
26462
25748
8756
7782
18227
9909
21843
19290
26856
21000
29797
18784
11420
17037
5211
20933
18030
27439
27597
21129
26677
945
23704
11856
69
15956
17457
15559
14878
4878
8884
21900
28218
13959
19941
7841
15132
10302
1532
7442
25019
2273
5018
5961
14452
15128
16171
27235
26793
20353
1090
22263
11634
5456
20439
12856
13590
7299
13448
3423
5565
15827
13989
11778
21292
3802
7187
24675
9231
20104
15705
28553
29146
29240
22015
5024
20746
1978
9653
16242
18138
21790
24476
19949
12434
21779
19834
23208
28063
10288
677
15085
18359
29341
5373
2340
7612
9275
19621
27988
28532
14672
3993
14547
6245
25444
5789
11406
6932
11972
22985
2883
15210
19940
27702
9572
22426
9045
17329
1703
12527
1574
27713
3208
23146
3627
21761
26229
25231
25837
24053
10715
21295
11497
11101
17876
28828
5319
10679
10559
29020
7519
17357
626
29496
26788
7133
4043
16696
15804
3263
9312
19726
10165
16596
8839
11767
6183
10079
28746
8926
1750
5929
4815
20994
18009
14612
522
9809
16273
18954
28961
4398
12167
26567
24304
28813
12241
6893
3458
5903
5704
17234
24709
7007
22555
14120
25252
29870
28495
19674
21616
23588
15860
5493
15669
8957
5566
10144
6895
24134
16255
2227
12790
14432
25318
20765
6264
8929
28725
21112
1168
26336
8752
28508
12551
23210
26740
15118
8376
8782
25808
16871
23844
27895
27227
14221
15407
21305
19987
26044
11715
880
11019
7791
177
22922
4554
28157
6506
14442
21317
4608
6266
23874
16665
18758
23586
26129
22089
9774
75
9689
22494
27316
18669
20122
26886
1802
11018
19473
27818
6352
17636
25886
15815
4037
20726
28353
14773
5860
14395
21207
23271
17922
10583
6198
26425
28519
22438
26727
28756
1785
23973
10961
3764
7835
21237
7695
13544
23670
9886
933
24995
26571
26991
7737
24205
21372
17762
25046
15056
22923
27648
21045
2669
10726
9533
12878
4875
7922
23096
21798
8023
3298
25768
12919
8276
23923
2651
18434
3297
11127
8457
5537
23916
29561
8809
15586
28237
26999
10114
14453
21424
21475
4012
15350
6305
17531
10683
293
9262
2195
8811
17367
10336
13009
5658
17426
11264
3544
10960
8434
19793
26879
5055
21520
29277
1086
8406
4856
28984
8541
11756
13451
19073
3976
21537
7543
27755
13513
923
2338
5604
21960
7230
28528
26910
27962
4552
5790
9091
10207
29310
7561
14383
11113
5422
9702
20330
11066
9776
23583
710
1167
16002
18121
16506
6814
21532
13795
17711
23393
26640
20658
4435
17951
571
7792
19237
20962
16638
24900
684
19661
1873
13711
4639
20066
20180
16707
2831
5571
25116
18768
274
21340
29203
24182
28962
3172
27130
19682
17830
20255
8085
17033
25756
19673
9835
12888
29656
13922
16778
27653
13497
23051
21169
3335
20624
10027
7747
16532
7581
23200
10663
6945
2135
22726
9989
5286
7667
2987
13277
29703
14099
18392
14911
730
12632
18089
27020
25541
26326
35
5295
29502
29343
14862
23931
29631
13322
28199
3787
14357
28247
26842
24466
9755
1406
670
18525
2560
19849
24440
26930
7697
4700
9839
9017
14586
15297
2774
9916
14731
14123
28260
9456
18170
22243
8313
22668
21216
3856
24375
311
11436
13708
9569
8597
6748
27090
19937
18408
14816
17339
7649
6760
24677
17374
13456
3022
10202
4238
25008
19920
3069
29498
1900
3245
21188
22665
341
20432
28878
10930
21316
7011
14629
23834
29946
8761
17995
18503
5287
3340
8979
19297
23687
2038
22711
29332
22498
8669
22220
16320
28618
7279
26024
1403
16381
1340
6228
21298
4887
9534
18076
13532
13663
4746
21185
23614
25396
4300
17451
24902
15954
18533
26189
10947
4203
19666
23598
17011
23098
6117
18552
17056
25333
21330
22745
528
9515
17198
8364
4712
10788
5729
10539
21868
24596
10343
8111
12284
5572
22291
19560
718
26418
19517
18372
4453
5470
9590
9906
18551
1437
18448
11548
20756
17095
3997
13930
15445
20223
3174
4483
19286
21977
27291
23378
2663
27191
777
22350
22571
5173
24173
22897
660
23371
18293
6472
23100
10842
5288
29413
2668
2735
10552
3618
4171
27161
20884
20917
7947
27681
26032
15643
7078
16452
537
10224
29129
25906
8653
24602
1220
13252
20481
28535
18022
25527
25619
1034
3389
23944
16069
3121
18042
26831
21352
16663
5809
20165
6685
14074
1447
19229
28287
18793
3269
10934
14976
1792
18596
15605
24011
8019
18110
7377
21929
21555
7128
21140
2567
20271
26396
5207
5491
17364
393
11667
27198
25622
19785
27551
15480
10974
12102
14307
10267
24889
4604
16674
29455
14885
1375
24071
5783
15554
22535
4698
22251
17419
19470
281
12859
24796
9710
24893
6777
16077
10179
550
18389
13845
8292
29877
13603
15433
23456
18996
4292
15101
14794
1190
10562
24939
2479
22290
25014
26757
6015
19123
17819
29633
18083
8557
9145
6658
16977
24301
14569
6688
1951
20794
10557
6
25427
15474
23545
16585
5827
5750
22574
7556
29323
18534
20656
2515
23970
2464
29808
29345
19053
16570
10249
52
7641
22976
24701
9016
12510
17144
2789
4833
25914
15015
15153
16472
16441
12405
7928
15457
406
17910
25722
7098
28127
15451
4511
10803
24266
5988
5405
9979
24740
17356
582
1640
5754
17057
19636
28662
24645
28002
6394
12754
14250
27120
10150
10427
12599
7059
7885
29150
27177
24084
19151
25330
17467
7509
21538
1944
15033
18262
18805
21896
27011
2782
26083
26820
28176
25511
15207
13584
4789
7500
6107
11304
4206
21676
20512
11466
5910
24775
22354
18522
12653
27677
23618
15647
20298
15234
27546
14095
9894
14558
12783
27706
2523
12460
9933
7282
28945
2282
845
14796
25866
8980
16623
27948
21499
16794
24954
8833
13952
13612
28177
1039
10968
17505
5728
5721
16097
14156
3225
22065
10106
11560
28390
27015
25241
23709
25203
19664
29507
15568
19010
18006
8272
6152
5530
12681
15641
16577
4717
21479
20802
1721
955
3831
29802
28504
5886
10108
8555
22402
29270
20580
29258
9730
12994
10780
12692
4714
546
26075
4310
236
13619
12401
10637
7605
28018
1035
25505
13638
18444
8042
29967
17989
18643
1155
18857
14646
14409
28842
14176
7021
17813
20088
4509
2407
8347
8819
5093
14188
3101
20163
15068
15192
19501
17560
105
18028
20534
2544
27528
25762
8286
23932
2403
23111
14288
3588
9178
6144
20944
4362
22080
23677
21320
28868
19904
17355
22849
13836
14311
1285
11691
10603
4208
16484
25235
27905
26141
28883
9952
10127
3680
14145
12833
25753
24729
28352
19604
20643
14355
10022
1861
11586
3467
2189
26178
16199
29875
17701
23879
27763
5541
25490
14084
9234
28192
7927
9364
12337
10315
6108
14179
7489
26827
24281
23134
3301
15766
25210
13425
5473
12269
25314
2877
22459
23448
303
7028
27923
9626
16463
27808
5079
29044
14003
11232
18905
25356
24834
29680
9921
9852
2896
26250
22477
21496
1430
27507
18898
22061
29311
6642
4443
21213
28421
18825
27929
5063
12520
13858
21223
20732
23975
2416
41
5931
11074
22693
26755
3090
17043
5351
15252
1416
29281
22884
5464
23854
5076
19389
24994
7660
1478
9786
16995
27475
9926
24232
14298
10793
18005
22488
12874
6897
14734
27652
6709
9908
18164
9646
14249
29209
23845
4494
27388
14778
20395
26194
13835
15862
23281
13414
3682
20892
27840
25053
4987
22090
13049
5654
23574
14276
10250
15969
2030
7531
11174
3564
22950
19181
5159
22154
14531
13676
16642
19790
13595
26875
14476
101
21203
12035
15078
20482
9577
12627
15148
22148
17070
29928
12686
12431
7518
27975
16534
11990
4939
13954
5622
14636
12793
2298
13297
3657
6238
6837
3287
10939
27689
21323
16864
18400
9857
13725
21620
11884
7590
27352
28369
21456
23261
5568
5236
19270
22791
14795
23959
1842
27493
7588
16614
21702
11628
21473
25735
16439
29736
445
20148
13010
16621
4638
12480
25158
18915
25800
27718
26060
21889
1248
18035
29645
9394
8583
19383
18172
62
29724
18924
26416
3536
16661
28337
18192
23988
12352
17143
10313
8827
3145
13411
6999
8366
13006
4440
11045
17882
17351
27970
3370
3877
28082
20930
25739
9023
19585
13792
6307
1268
2622
13399
2006
16368
22157
15127
12408
12326
19315
9591
24426
11489
21781
20019
13643
29983
20815
11844
11940
6392
5392
9345
8247
29064
8992
29792
16169
26442
1246
18629
17403
21744
3325
16448
5444
9608
411
17948
29541
16885
27928
11876
17335
5094
11726
19845
15279
21544
24694
20229
12710
13712
28558
27419
6390
26826
26356
10989
7061
19336
5824
16318
16843
24259
16973
21721
19170
6572
28053
7142
16999
11613
12829
14839
9387
19391
774
25709
22064
23318
17332
27664
13808
15203
29958
27650
27758
26569
25369
21145
26573
8090
14098
29303
25546
3044
615
23240
11629
1980
29720
29070
3938
21575
23884
14616
10405
16788
13984
20167
18693
22161
12016
10014
7938
13821
5466
4311
16537
26622
9996
22309
15493
28614
1316
24611
19767
1712
28340
11824
10235
29731
11168
9758
24409
10817
5033
19893
2231
26558
7440
11954
24041
25754
21027
24047
8586
17498
6196
21381
13366
24482
1384
18002
23921
16078
16454
22696
21728
1746
21429
3772
1525
7473
23645
27354
22533
27534
29099
11585
22908
4635
5816
5043
16141
14988
26435
13250
12935
6677
18953
21451
17686
19132
24987
5999
3323
1518
29475
8831
13557
24351
11730
27389
10630
8738
395
391
18519
822
823
27790
24678
147
26066
26121
19264
24754
19986
15828
7975
20821
25816
8153
21276
6397
22253
26703
7541
20276
17874
4118
450
22962
2085
9150
11454
4688
26235
9407
2506
5987
2710
14431
27264
12300
8188
17038
1755
88
15251
2368
25667
3858
20813
13374
13146
14279
16182
26972
26660
8617
3050
24291
17483
17594
18984
26111
8894
6986
22635
11514
10415
11608
10656
9890
13389
4173
19540
21945
2978
12549
3013
13547
28890
1083
20269
6968
22961
23350
16346
12223
354
26787
29199
15133
14382
19550
2957
7809
24463
29769
26753
25329
1229
6193
19800
29557
555
4761
21375
5113
9037
17017
8916
5692
27414
23016
24022
22631
29911
9269
7925
19504
29243
25732
1046
1762
4354
23405
24543
12865
29711
28
20698
23798
1184
10450
28677
16327
10243
29673
23445
20972
3010
12247
10929
18135
15051
9742
20067
10411
21566
4986
10359
11061
10911
11015
26525
6842
7515
20502
11804
14618
26670
2779
7349
4696
5613
518
25258
29056
13037
12618
10317
21627
22675
8379
6262
2715
3150
22150
5013
26450
858
29180
14591
6360
11821
16818
1621
8748
15797
4212
12615
13830
2110
19558
7005
20544
5090
7810
22778
5719
5201
6204
24321
1211
29066
28113
12114
27396
11186
12176
14834
16286
24002
29747
6427
16693
21269
24928
16469
8710
19166
10984
16880
389
27987
10253
8556
5074
13983
29521
26983
19812
15792
5425
27678
4940
5526
15837
12559
2059
13092
70
19620
2474
8874
621
20303
14371
2946
29783
19154
20238
8091
23117
14662
29386
22877
18628
9243
25422
18075
24231
5982
29860
5665
9693
9605
19980
18426
27403
29547
9008
1226
19758
3722
20181
6410
25099
25242
12416
2427
15062
20198
18820
3674
13120
8181
25967
16855
1878
19787
15877
18335
23266
29900
24592
11257
27823
8849
24355
21926
26146
12422
8566
28628
26759
28821
10993
20574
23228
14793
23957
9583
27222
12077
3989
3702
6622
330
14766
20036
19313
15317
25698
28846
28411
10159
3572
15725
17287
18682
6477
14212
13386
18765
16498
15796
36
22238
2808
19447
11836
23364
12900
25207
29614
24550
16158
27693
21777
1462
18832
25434
9867
9225
11562
10862
6171
11566
16895
20261
24529
5534
25350
7851
18584
22221
26951
617
21653
10328
5559
12573
22102
14404
17031
19567
15684
10360
530
12960
25905
15387
4104
2394
6442
29459
17195
1212
10074
995
7143
16872
15256
51
25953
26160
16554
14029
24248
13101
29193
9743
18429
5475
8605
513
7255
14779
17693
15811
19514
22891
25572
4879
11719
646
4014
18575
23565
10213
27571
15384
15900
9475
28856
3941
17703
29245
1006
28924
18206
4021
7350
29401
2721
21725
10868
18888
25372
28496
1967
9306
13805
1057
9086
12986
22053
24683
18113
11262
15871
27351
24658
6366
10286
26810
22933
28692
28423
10251
13528
28435
20993
8830
17729
18254
16106
29448
11641
5558
16167
2257
27148
28533
8309
5367
24558
12561
13710
28142
13784
24418
20581
23935
19014
8639
19074
2860
29065
16490
2435
8483
29004
23338
20528
25682
6313
20876
29953
3252
23324
24884
5538
28451
1203
23033
8806
3075
5247
7045
5412
7681
26705
15239
26211
8053
28406
20446
26837
11036
2754
6154
25429
23165
9241
19752
17633
16722
8266
972
29174
10591
6237
16779
6425
17025
10051
17440
28645
11500
7776
28487
10686
3118
28728
17190
28915
25060
15468
8458
23646
15136
5382
17516
25076
25603
780
27720
19347
2566
25091
25310
20928
13729
20678
29247
9009
19860
14920
21731
8893
28048
15483
29101
10913
16678
9093
6567
7571
6697
25637
17655
23753
6515
22078
17848
6580
17520
17745
12523
9992
16301
13379
16648
25965
12453
25400
15140
18678
29358
2453
16474
22070
22673
922
6614
18189
12425
4390
12916
26094
27358
22939
19508
3177
22719
29420
28777
9619
14534
17920
16331
15071
19101
5370
14700
12057
14580
29861
14524
21056
543
23116
6011
15149
10125
13990
10142
21049
27575
17434
18365
17742
19481
13540
10080
11118
16075
21867
11861
11310
25838
27017
620
9344
19292
13244
4633
12907
12274
10176
4451
28207
7312
7944
8322
29404
27957
15686
14978
9508
4003
7730
4693
13934
23443
16686
10098
18290
20338
6412
25888
8106
23658
25606
21643
2005
7474
2507
9639
25670
10392
26804
25596
27598
15141
4920
2393
12349
28042
17427
8898
28644
26388
21863
26723
15106
2336
23703
8908
18388
5936
25675
9824
7834
25439
29363
23542
13863
26163
18014
18156
7022
1598
13247
23414
2744
3014
26956
15789
20153
21339
12125
3593
8713
10044
7560
13294
23128
8951
29034
20113
21296
581
18538
11663
22152
4442
17597
6420
16624
24968
3666
9995
20524
22769
12673
10040
10204
8058
18204
17376
12743
24093
20040
19722
6446
17576
6519
14733
28754
13765
29909
12938
801
15968
14799
22465
21280
17415
7204
16209
12008
21114
11734
1440
17583
26323
19565
15088
28903
27515
26262
15741
156
3130
12871
2077
454
10401
22294
17350
5431
1702
6247
8530
14339
12786
21850
2158
4687
12216
13888
11961
29945
11069
8961
15756
11635
22536
10476
9043
8860
18734
22398
6833
14696
23347
21119
12922
5864
3693
23581
13026
7253
12638
8013
1008
13034
3736
20493
21230
25279
25271
11866
15027
9767
213
13525
14170
9964
21404
17438
9327
7208
7682
7640
14308
14821
4239
29696
18173
3751
29309
13971
16174
19706
24881
12218
5992
22658
10439
3726
3272
14571
13920
22469
11846
2467
27704
13272
16863
27879
2574
9002
19408
14012
14980
29105
11407
15035
18185
4803
16533
25006
20882
4352
10856
19239
19062
29191
12639
20160
4400
12934
4034
9357
14937
12853
795
6416
27541
28073
580
15074
27826
3711
24340
13424
9080
28222
27626
6078
11392
25282
26100
9597
13095
19442
29718
24188
20982
28670
22413
29883
2050
9072
22035
23194
25803
19324
13240
20478
17936
23079
5019
22502
4748
20591
29451
26143
25055
29683
2852
28008
26534
11682
2297
316
13646
11464
10944
4894
25806
2140
28437
15832
18831
21511
18576
3241
12249
1255
29526
24327
12855
2786
17888
22850
9119
20061
4983
8356
11273
4906
28526
11704
14927
14403
21691
24480
11714
719
29486
6227
12766
7067
26997
23817
2109
27016
17103
12397
27233
7462
23997
13360
2268
8702
22212
16461
2592
23886
6825
25861
21785
704
17244
23336
5095
22397
18342
21990
10864
4395
1778
20741
25047
7505
15726
4930
17412
25122
27833
18440
2153
26554
21392
8960
2054
6486
3283
27621
7457
21314
19230
5072
15688
60
16491
17991
5326
21971
4172
14097
21820
25569
28702
948
12622
16799
16132
18431
20273
29653
28738
9121
28158
1636
11393
28899
3409
25930
15867
17924
21541
3967
7652
6478
759
24380
3381
27646
6666
6859
24538
4088
24922
19232
23994
14067
17635
26406
29880
24779
22348
27470
5318
22615
12738
6552
5812
27485
28093
17533
16183
28643
11902
1218
20645
12968
10806
16485
19206
25630
4226
27289
15648
17159
27978
11141
17392
17251
20566
20867
1343
26297
19167
19001
27992
17107
26736
10912
3753
10231
29956
29272
23082
14400
7372
15938
9468
1209
7132
13300
29754
10967
20921
21412
7275
15793
1145
3320
29102
26738
12310
12464
26467
19992
18437
28155
23187
24276
14601
15347
1172
21695
24563
10738
29914
17553
4783
7750
19250
18930
9699
11945
20448
21162
20426
7703
24195
7631
27896
18418
8511
28024
13299
12945
13758
21302
18914
24033
8715
28833
11002
8223
28403
17572
7385
16631
17859
9565
27107
25063
9449
3919
25451
5146
26602
7167
19975
7981
26729
5480
15352
11724
19100
11944
27851
5935
4784
4704
24767
19345
4077
25266
1044
5959
20750
26151
24116
15400
28983
28347
19871
27424
9031
13104
9450
15202
21458
6860
13051
6593
9263
22174
3311
21647
17700
14009
13740
16202
25133
13992
19814
8934
20949
11379
7736
13216
4064
8868
22721
23823
9545
25081
6479
8647
22347
4152
7916
22845
9392
14552
21176
3721
28586
19675
18212
25948
12399
26074
12381
1353
12161
4449
2961
10409
11094
4846
2934
21029
5711
10829
28542
13242
9499
1312
26889
13324
4934
15664
736
11190
8446
3818
9177
18236
12714
5185
26626
14265
21206
9030
14562
25849
5520
23621
11967
27601
6908
9381
24959
24457
19650
2653
8245
17575
26961
999
19628
1699
28323
10926
29369
3551
16528
17041
22825
10384
24661
13317
22753
21748
15377
6118
3127
8657
29284
29899
14761
29566
2542
14064
4501
11371
8509
20634
26059
17610
1989
5108
24344
7030
358
24218
22895
25480
5192
12491
15439
14135
22627
13940
23167
7569
319
21724
18937
25995
9859
25549
26897
27859
29046
24401
26491
12044
15915
23984
8524
26123
6263
4967
10941
19042
22414
19587
19707
27861
28402
20075
23802
22583
22901
958
2921
3924
13161
5499
10896
26503
22963
25316
3032
19708
29360
1270
28629
29813
21159
16705
13011
17811
10843
28688
29788
2600
11491
22489
6691
28026
20586
4041
8731
11540
11615
26585
11461
18994
14445
14655
13348
26195
7136
24209
18253
8158
7307
20974
18571
17428
8813
21072
21063
7492
23304
4632
2879
29047
26213
25799
2836
5213
2504
16687
26284
3264
8402
26543
23145
773
14959
1526
1385
18355
8675
25277
28886
10964
8910
1732
28612
8603
7751
24972
15844
22964
16210
4202
21778
2143
548
20975
29943
6008
14104
13187
15936
14167
14068
28952
3867
26424
23681
117
21136
10071
23284
22842
8602
2718
20090
26128
12221
13105
415
7504
20642
9363
24956
14325
18511
8449
3250
8125
251
5092
12648
9099
1534
9402
4734
1159
19634
15653
15162
761
29417
7424
26572
6950
12974
20045
22974
10255
4675
23776
7684
21683
19721
19744
25007
6780
24657
26849
3260
12206
11706
3560
17185
9024
4256
16262
9947
12212
27749
5805
8838
15094
13719
21954
18282
21806
22342
17473
11669
17827
17478
18843
20321
19817
2690
24113
1844
11488
27402
28118
15321
2783
24726
22616
3649
27882
17196
23773
25557
6231
6309
3717
22237
3135
21852
6951
12917
1156
18423
19714
15501
2452
12001
21386
265
18746
27410
17226
3317
11411
7903
21524
21173
28610
20032
13254
18939
25097
17676
7
17314
4560
20715
25021
11773
4961
7884
28788
2558
21966
25035
9956
12954
21265
12265
10992
11354
20611
20378
13151
27769
27775
15853
5582
22163
16415
19679
9138
12470
16899
449
16292
5784
10425
11269
26200
6406
18354
23642
23047
8587
29583
6330
3191
6343
7948
6761
13810
29654
10602
12630
6663
16768
27178
15466
22851
14992
23767
18731
5804
24397
8953
6165
22203
29915
14461
12119
10292
21823
23878
4296
7808
18668
25857
26612
25179
25289
18211
23461
5477
16009
28831
26401
15958
1379
26922
28651
15402
28129
28236
3511
19198
1173
17213
26082
14725
6600
4255
6870
8132
8716
5848
3804
10265
21365
12567
9325
2100
28737
6794
15776
17261
25770
26512
14697
23813
17210
13607
3307
20166
20138
12358
13482
6398
27930
3276
22966
25869
4044
8848
24136
28097
1000
7717
20356
29630
20263
23465
29719
21123
13953
24277
18561
26220
15771
10755
10604
22592
11157
18460
11432
29237
25909
9951
10800
27031
11395
24588
18999
23860
3426
15914
8581
11928
6680
15671
12720
11692
27044
7112
3358
5469
16546
20011
22245
22042
22674
29989
16165
10899
8686
1622
7017
699
16987
5659
16735
26813
29330
19161
28968
25339
21243
21435
24057
11573
14426
16427
1135
21135
25515
29994
3486
29279
19694
24876
7485
1011
6694
12717
3839
3953
453
3951
17582
1850
21350
27802
11946
17616
13907
28572
11981
15971
4781
17149
29073
15236
2014
25469
23751
18901
22010
29816
9301
2397
2829
2522
23933
26976
4477
14886
15405
14604
3063
4625
15414
21826
19928
5615
26587
17741
28960
16254
8757
25782
23289
16842
28417
24743
25276
15013
24519
12225
11745
14811
8126
26196
9343
28081
20022
15901
20254
6984
15907
29441
21048
20714
3092
13769
18381
11424
12222
16527
23758
22378
18463
24584
11515
682
16365
24455
27343
14430
20708
2271
17625
14133
23615
897
20542
9079
26173
27508
5331
20377
20266
10957
28478
19574
12779
21385
9466
9720
7491
12217
19827
4733
13640
402
24268
18962
23858
26539
20855
781
28657
27152
5998
22457
18823
12252
3506
21774
9870
21322
10087
14541
8521
18907
13175
24131
21673
3328
23713
20186
2244
16482
17109
28758
19730
16948
8482
11913
25143
21801
24452
26372
66
3288
12162
1052
10532
26691
23835
7920
9230
258
26508
9717
9411
3190
26171
25201
9715
14660
11010
2335
5700
3728
16889
21402
20852
7399
11740
3500
8471
16147
13895
27189
19815
27429
1600
25706
26598
19671
24698
7789
23794
17305
28927
3807
28321
10655
13852
11941
3538
8336
24373
22804
10849
17197
23733
20203
7186
19623
27272
17245
9844
3294
8416
16326
20078
19459
17549
16355
27673
10034
2770
7704
1239
19973
2127
8858
5037
1556
23548
590
18237
24782
9324
21609
4434
23871
2042
22896
4097
26926
21222
23560
4527
3903
7002
7016
25896
2834
9661
14378
26861
25137
14577
11425
8526
5551
28470
289
12203
23477
28685
6033
24221
13606
862
9180
7858
2800
29823
503
19759
10011
12572
19077
24637
14808
3803
23468
26708
13815
2399
3826
1991
13329
11701
9444
4738
17324
17850
444
28892
6542
26770
3659
28673
22798
697
13713
7261
15719
27973
6575
27890
4981
17344
915
4079
19392
11605
25814
12066
18976
23848
14261
20701
7054
6178
7131
27986
11047
15224
24773
26707
8452
16637
1950
24478
23471
20613
21104
19359
28663
25638
22297
25744
29393
636
18469
10469
167
2593
14890
3002
27828
9085
6662
6367
14757
29334
285
22063
13655
24970
2138
2924
9912
28251
22188
16896
20134
28514
1507
18438
26862
9543
21098
8707
14089
13925
23453
17493
24993
23195
2491
4132
1693
3748
22768
11779
12951
16996
1426
21732
716
23476
17757
27529
23570
12964
26819
12640
16016
29454
10332
12515
24300
14556
17846
18982
15601
21287
15120
3312
12590
26269
23088
24753
552
1402
17093
23015
8687
7626
1866
18180
1369
12154
1857
10680
22108
1655
6742
3008
5484
28809
7574
22268
12788
25085
16915
4938
13038
17653
9554
17656
14131
16060
7291
21387
886
2932
26273
8291
21962
4873
7402
21613
13255
22544
13508
11405
10324
16405
11755
21460
29169
26876
6335
9899
2433
14013
18646
13956
21066
9176
26057
10890
4487
13665
24870
17455
26135
21719
6997
3209
9669
18020
22558
8899
27126
24869
24765
11347
23112
29370
27413
28761
9303
4691
8414
11453
1376
13100
20098
26436
26836
11290
10805
27629
5404
7280
19926
10305
3505
12260
18770
14877
18103
11180
23572
20323
5939
13693
7619
23285
23355
26053
8218
26726
22416
24769
22337
22827
16667
6322
8157
1902
22390
20339
22789
6690
15633
11631
9371
14727
14972
10418
6306
13775
15562
3105
21886
14495
6340
6414
19906
29210
29735
21699
18495
3081
17892
5836
2461
28977
5145
9750
24887
15753
17673
5299
28684
8626
16017
29705
10653
13328
29545
9968
245
26779
18737
12693
11725
11555
6181
15503
29613
12233
16801
6883
10786
16584
5254
13302
16604
28241
3712
29961
14732
27271
1782
25892
9601
12920
7302
29730
18851
23050
16321
29800
22863
2400
17090
4757
12759
19125
5345
811
11763
15323
7041
17530
12716
22667
15714
3434
7842
29356
29291
9112
3795
19279
24668
11116
3901
2960
15566
8909
5435
8016
12757
29006
19811
26353
17407
28534
27996
15173
5171
25260
23728
2334
2688
25710
28704
18369
6045
14129
10661
3559
7147
6904
8250
20636
1058
16265
18579
5278
10693
26802
25578
13065
15978
17479
9576
2828
23048
6270
4159
29666
13186
15683
14807
18972
14258
10261
8517
21582
6913
12200
11684
6111
27013
6039
29886
10744
27006
18183
9535
27582
8474
4332
29106
7351
726
16602
14016
13669
11253
28327
25664
19245
2629
16328
9589
5267
11892
20028
25135
312
17488
5096
28138
10729
23343
9907
23021
5170
21118
348
18472
23262
4991
5553
24664
4116
1450
27202
12348
29835
26192
21258
14323
11300
19171
28630
1840
17023
23330
2161
9640
4506
16279
21741
11261
6899
20216
10494
24644
29081
5275
28920
12685
9040
19356
19840
8777
1274
4500
21442
4892
27821
15673
25550
11564
29873
19277
21020
12271
4047
8459
14622
23001
4403
12731
5944
24126
19607
22023
19901
29952
13759
6021
10792
8869
7358
8997
22322
43
20414
23550
23373
16256
4859
18199
23027
7359
11677
24074
19011
17715
6213
26912
5250
277
11202
16562
9154
16887
9330
9057
14374
10395
5161
13415
23328
7961
29555
8846
24453
5949
19416
28254
24161
8539
27292
21137
16979
29176
14942
10547
11511
13752
27111
24751
27953
26092
29385
2318
2525
4982
4198
23956
24158
18182
17971
16464
19231
22525
18499
28268
6985
3019
22796
4671
25510
10430
24513
29590
17893
16039
5276
4636
12621
6525
7135
359
23143
17570
7826
22639
22270
25641
22914
3749
17484
26716
23303
9039
16353
27364
6160
433
28877
10122
6349
27250
8316
18296
22006
13022
13856
24038
23406
28999
14226
6577
20467
3483
9798
18550
10184
3018
20495
9684
23252
15488
5573
1719
19419
6000
24655
7229
8504
21983
23028
27616
26954
21067
1788
15243
20052
21420
24406
24890
18897
6497
5679
29628
13639
9893
1382
8501
29110
14735
19734
3310
29048
15275
11817
100
16398
27942
24572
19657
3416
2411
27744
80
2759
2979
27469
4618
21006
3710
8891
4852
27041
22614
15999
3309
4457
15418
18274
17926
25205
15083
25414
17538
14755
29415
26112
17548
24186
11068
25303
8411
11414
22770
19771
23965
8234
18055
24575
29
7374
2088
22407
21445
9509
8982
10164
11316
9388
4955
9965
918
9322
9713
17384
1495
8056
22580
6645
2346
28909
13158
24822
15579
6657
29937
28140
10225
18836
15055
3093
26088
23951
13307
7469
26050
13341
9436
28412
12982
16607
19614
10242
19259
10093
21405
16379
21846
25912
20728
15086
7866
27409
8163
29186
13139
664
27938
8578
12569
4069
16293
29403
10813
26221
16282
19981
19877
13357
14623
21503
27804
7170
8337
12254
19507
19518
3157
29223
25026
21706
12122
17780
15865
20371
9025
4329
9290
13210
18286
6502
3485
28265
27046
1667
24764
25726
6421
29846
28112
15182
4606
23125
8240
15442
10535
1576
12466
9787
8865
21421
24706
21700
7151
22759
17744
13355
24026
25843
18720
12703
11879
16965
21073
14855
14588
9539
17311
24222
17395
6374
18537
22947
7679
15380
14774
16595
25155
1896
14964
3290
8274
6063
5036
893
1808
8164
22146
20433
29028
18379
19037
10092
21996
21882
1425
2587
11826
27935
5409
16378
502
21409
14763
22235
6194
29739
20072
13963
6139
3291
21987
24177
601
6210
26739
17458
13044
5401
21697
23943
26505
25368
29749
838
29452
24610
13502
24792
5637
23201
11057
26679
20101
3888
26913
6459
7238
11321
25974
10038
28604
20176
16784
26535
14781
26544
21840
3375
18370
705
26895
1288
10055
21958
1286
7507
8959
24016
10382
22915
23862
22249
27050
24028
11372
2823
14168
22728
13591
27614
7739
21759
9462
11601
11096
18986
21636
18892
22867
27750
28149
8495
5306
20007
11468
25618
9128
11968
25875
15109
8742
14310
195
10665
26030
19861
28399
6452
16989
13677
9725
17866
3604
3482
18390
6503
25163
6817
6989
4227
22951
16089
1073
27839
16936
5258
10549
17614
22284
14775
29050
7369
911
20479
16810
26609
15270
11952
16058
27362
2013
29282
16338
26420
27872
21151
9954
3228
22149
15908
29847
24669
13538
18968
18491
4596
19740
1772
18345
26040
19735
21842
7309
3274
10364
14007
21204
24521
24746
4154
28286
9790
3351
9602
16036
13722
8300
3470
24888
26908
18904
15322
9564
1511
18867
14619
567
8709
18436
17018
18714
10386
14033
17722
7769
10556
24306
26320
12315
8826
20427
28072
29113
12485
8324
476
14615
26131
29646
7468
6828
13429
11673
10349
24997
7237
23441
831
8886
14053
12024
19896
12357
21588
12840
10696
26684
26334
11125
18872
24877
27547
12896
22824
26797
6545
13398
21668
11026
4045
16907
3681
14892
419
21172
28853
26490
24405
17733
25952
5725
23689
14219
22087
3446
1891
2812
18717
9349
2803
4893
5230
3064
5344
3243
16804
17155
24583
26332
25262
29980
21425
17272
22618
20590
11717
29940
5865
19803
6977
27969
2903
13519
12132
11476
13123
27936
14852
15020
2113
20354
26721
4830
23460
4603
4647
26167
24861
24447
5528
26994
21388
22119
17641
7063
8017
27956
18878
17450
14215
14337
17074
12011
15550
28964
2733
8374
26338
16632
6362
26405
23348
15498
24133
29722
1892
21446
18312
4072
20690
15859
18762
7476
26520
12706
6308
3048
13958
26063
23741
23034
28057
26079
20063
25298
10642
4265
14124
8924
4138
21832
4268
13048
25251
4308
18241
14864
9497
23446
21710
10222
3973
7784
10082
6721
8533
16426
24700
25362
6061
2890
12529
26480
11268
15284
11697
1968
22755
13993
5242
29374
27447
15232
24323
7362
24598
1814
22832
7653
29059
29550
27441
24552
19428
1468
1459
24901
18473
24370
3236
436
4942
9478
21576
5840
7998
6057
25404
18553
24766
26363
16770
7656
18230
15228
1201
17099
27018
19413
25615
11917
15254
26666
14528
722
2443
6878
1717
10454
24035
12084
9107
11326
18068
14900
2874
13891
29419
19327
18099
23185
4005
24494
15812
26521
4679
1928
8892
2900
2203
29495
29574
6787
3348
28958
1604
28802
16745
26906
14587
10963
29005
25377
20540
4900
15599
29399
15370
2738
9553
21847
9522
25607
6872
15000
27489
9398
12387
29054
21076
4771
19839
4928
28206
2197
6229
22826
3219
4654
1237
22699
20137
5221
15453
5966
7593
14116
11606
2243
15476
15421
233
18783
29221
7896
18304
5111
24279
23663
16435
13325
27511
25705
4680
26162
17088
0
8375
28326
16079
22114
4441
25479
16370
13629
27585
3945
15742
5938
4197
1605
15169
26971
24624
27510
15574
28724
268
5972
4627
14738
8305
10478
6460
6051
27466
23340
11785
11238
23913
24594
14529
14666
14174
26681
10650
5052
16257
10452
11449
14049
1843
462
15591
29335
3364
29737
20755
18621
20182
22786
13110
8159
8255
21734
20840
1415
16168
4166
9101
24659
2649
12608
22784
23626
23726
13097
20711
14282
6488
25307
29743
3254
25890
28443
18143
24391
27038
27143
24220
985
17960
3492
14537
10228
14650
29752
28032
8145
2029
13320
26432
11627
23696
13229
18476
20906
24777
27519
16774
9418
23135
28598
4826
22176
24064
11052
6509
23407
11235
20986
497
15441
25992
1916
14945
19653
24990
20017
21644
7418
27398
6630
1537
14914
10381
644
12901
13106
25778
10528
16517
15430
14759
14626
13420
15988
26617
12785
26955
21565
7483
24820
2694
10835
4837
20366
14232
9659
14653
8885
26371
15801
26893
4207
19285
13145
803
13561
8661
14504
14019
6080
5395
25764
16676
9213
12646
4446
8227
19015
21773
28454
17492
6432
25833
15135
6113
10567
27385
27550
21559
19829
15373
20096
1243
28083
9396
1630
15334
3797
29733
25600
5109
4595
5348
27607
16309
25477
13280
5139
5843
5617
29515
25323
22076
298
302
22388
9199
18508
16600
5796
8008
25964
22546
29700
24087
18595
8331
23662
25125
5787
25604
3752
19236
20775
15529
6806
16954
25700
13883
12662
9314
5212
29596
17247
370
17961
10103
20793
18948
24434
5342
17274
2720
11059
2657
19519
10765
12373
14420
12823
10544
23987
19200
27871
16274
14392
16269
26712
9612
21837
5807
12946
17131
10232
4396
14236
474
1330
5819
28248
4980
21888
20963
26938
3453
27645
12580
16749
27249
24605
22625
19792
28849
15458
17793
21634
12537
20400
3494
23682
93
16852
1390
12456
14239
25531
6318
2176
6182
3816
10205
15903
22074
27792
27850
10490
28708
24578
19515
5643
11650
12023
5937
13571
27174
21291
20442
27062
17437
8002
8001
8197
5621
20990
19116
24914
12555
13518
24812
11997
386
26619
23715
9474
6449
19853
17979
29655
9237
6101
11200
18446
3071
6411
2692
451
26653
18585
29225
24852
17113
2373
6791
5158
8664
20904
5926
12578
13995
12591
7513
18795
21453
22400
6555
16010
11508
23940
26777
20970
27432
26407
9021
1725
26451
8235
18971
10197
7305
6815
28123
13436
14835
5251
28292
492
27024
24520
25357
5518
13262
21032
9941
4621
26618
13596
26907
6172
6965
22965
19325
8186
10651
16672
8793
18464
83
3740
26714
28289
19637
5584
27428
5706
15970
6052
4286
10759
17124
19081
2079
24682
20979
21762
19070
5486
20549
4809
25547
11242
13036
3468
5240
21030
17262
27231
24582
29812
29595
10840
17652
4581
21091
14849
16451
13641
23983
19486
11893
6379
13454
16086
6236
11654
5967
557
25891
1205
16940
28320
17371
12612
1854
18488
612
2691
20026
16502
23806
29552
18908
29569
21963
7905
2955
10362
1505
25649
27338
19600
18161
19083
6496
278
7107
24526
26448
6775
18095
27893
26303
21586
2999
1134
3192
9688
6146
17824
23398
2980
19409
6255
26853
16487
23493
28716
10919
23920
1943
17400
14654
23579
22265
2616
22473
1851
5942
12619
760
5246
17166
16956
11638
836
8730
2420
12244
17720
29644
6339
8154
28852
15644
19067
8041
16062
13043
20246
9557
7995
29610
2309
26980
20943
24640
13180
27671
7313
5525
28973
3522
7454
24496
9318
14667
16701
28995
6626
26504
4383
22712
15813
27531
7572
18754
25249
17950
19302
855
6539
17933
5705
19316
28422
27001
6423
25532
702
15930
25978
3925
3086
20398
17914
7099
4766
13944
13546
22794
27091
206
13189
9404
7117
20171
11291
15108
27939
19499
14334
5957
29533
8972
14984
1694
20579
7650
10220
19314
23946
5098
7432
27886
4749
17916
12977
798
8009
13697
9611
20463
21432
7833
19247
26010
25687
3861
21431
15685
8384
13046
19444
28801
9517
10273
2531
23102
13463
9416
15198
5689
17389
4326
6981
18093
27625
22859
20940
2590
6251
3119
9768
8737
5298
16830
29903
11293
28626
16315
8646
17865
25112
379
458
27574
9678
10731
24727
25456
29804
20097
4273
27495
12722
17249
5531
556
2977
8022
9936
4480
23651
25684
1890
11473
16377
19864
16354
11249
16348
7585
7195
14169
14843
3990
10152
19761
27219
13486
11693
6091
904
27773
10747
7952
4134
25652
4002
23178
18357
7638
7216
13162
12187
23071
23267
529
17546
8534
25064
2520
4055
5222
5514
16861
179
2343
28111
15632
11965
3107
5818
4452
7161
25787
23842
20401
10543
14198
1010
14948
1907
9728
1853
29380
8147
16012
6167
21229
10188
23174
14372
14853
26413
22357
19320
25897
20375
13400
18350
14366
8288
19950
25525
3633
14536
3883
6621
29996
28731
3331
20725
1632
19805
1266
6655
4740
24068
12064
3516
19212
5123
23742
7389
13782
21088
1741
1672
4367
14327
8975
2530
11731
29163
29390
15924
5237
11984
25868
6131
21175
16819
6269
12841
28712
27299
12141
28965
1321
17027
12708
5778
16828
16289
3582
7378
3244
17977
5602
13206
10687
22799
6670
11133
3163
27587
27868
6751
1307
7391
11831
18252
14421
19076
17643
22813
29686
14287
6492
23052
8248
5510
14271
1539
23065
11931
3652
22736
1796
21014
815
12299
20169
5513
18696
7651
16140
18992
599
3277
13996
8191
14702
5261
1681
12835
22705
6342
1997
25169
3896
10684
3314
4076
8294
7125
27450
18382
25335
27197
20831
11159
6983
2272
25723
2658
10141
21490
9667
26197
3502
15910
28076
9372
11912
23869
14417
21389
8762
3136
28502
19693
14919
7141
10728
29799
7742
4486
22302
25445
21058
8650
6940
3285
5262
26518
6205
20095
22752
10210
15774
11813
16275
23592
20759
13183
22774
4349
6747
1926
7794
8076
23746
8944
6725
591
12742
6771
11903
23218
2164
6211
22729
253
24593
2205
23665
29132
1653
1233
12
4148
5440
26306
28317
14223
28060
27914
25699
375
22140
11243
13673
26597
28224
2145
5141
1174
9244
29854
22837
16495
11791
27798
4229
28174
25552
8088
13410
15285
15479
14319
16806
11459
20312
18376
18106
20374
24427
14317
5506
16214
3927
614
21472
11809
21919
19160
21836
2039
29987
13292
23091
20922
28882
10988
12796
2974
18186
12508
28793
2144
3546
8077
3143
22744
14202
9561
17501
25363
19913
23740
6393
1937
9901
18806
21161
24127
12323
19377
25963
2612
23029
28501
14115
24152
4824
688
26389
15997
22792
13560
3142
16943
20410
22754
12629
2543
25945
7371
26771
10980
6494
22608
4249
304
7464
11713
10506
21100
20360
17844
18191
9056
24029
3184
18710
17923
313
27322
4933
22011
21607
9238
16547
10523
3715
18889
1475
11435
16414
23603
28456
19446
9753
20402
28101
26403
11759
20838
8451
16392
26883
18278
24547
3854
1038
16153
15787
16342
7940
20154
23530
15963
166
19535
24880
1061
13416
14910
20801
6085
13981
23205
21146
20568
1019
8021
29744
25194
7725
3196
15838
28578
3038
16409
3220
10356
4101
23280
24200
22702
17521
11006
14585
14460
28631
28656
9000
29432
8014
24095
6348
7621
12384
29809
28775
4253
29884
8843
11437
6180
20991
18744
15947
17768
1839
10575
28216
21910
11003
22425
8735
17847
17840
22636
22585
23270
1883
12813
11863
13345
6490
27043
439
9321
905
24096
12097
3517
29856
5981
1059
23788
4188
14934
20868
15329
11299
26932
22107
21360
27919
25374
8167
3928
23822
7486
17833
3570
5026
2943
27829
4179
3202
12773
14868
29611
19593
970
16102
8224
24148
23105
2494
23110
5020
12400
10762
16402
8864
15044
7384
29609
18881
13807
26153
18941
11037
570
10698
1053
29837
5762
17476
29302
25250
17471
26408
11000
27668
19999
11360
11177
17284
26089
11352
19897
20081
16560
22069
10334
4194
1696
14493
26882
2584
18152
2274
10337
3962
4461
9132
19300
5815
19564
28372
19889
17586
15738
27273
2406
18642
24982
366
1737
23760
25651
7256
10876
19188
10041
19469
12602
21152
20862
15639
12957
1643
7162
17634
9650
14699
6088
21454
26368
22468
24363
6433
29224
24527
8513
13903
28733
25220
14082
764
3893
15356
29763
22900
15752
19895
24542
9168
7415
22790
17279
23549
1676
16076
10239
27561
16964
9106
16038
9223
18639
490
11090
3005
15381
12226
17781
3238
12734
9961
10629
1164
21401
15076
29265
24500
9001
12782
19910
20734
11784
22948
7465
27908
10272
1606
15786
12847
16515
19738
17808
24862
21341
19172
10956
15482
4031
5391
17675
3420
11072
23559
12050
2473
5680
17964
21260
8139
8114
7122
19217
8184
981
19224
4160
28845
8412
13192
5042
25254
26204
5400
19480
6592
19838
17167
23454
24083
21662
10725
16063
18540
2369
5983
25822
1726
13264
15709
1847
25669
26045
27487
14088
25229
17104
13699
19405
9152
10069
9558
21410
814
2388
20259
10752
6254
29357
12388
5940
18287
18385
1917
12201
17252
16932
19854
25793
18256
18728
21534
6029
7053
15166
10802
9593
17771
27007
583
8190
921
15694
23409
17877
10226
12728
13283
20617
5162
18624
8080
9228
13857
15412
25390
7522
28017
9863
27685
19483
15491
22493
11517
19982
8280
23176
13279
585
10009
28274
1527
21481
9549
13514
9772
15315
29348
12017
25988
25248
8818
15959
27453
11744
21574
22838
9592
21082
19943
18324
11859
10290
10137
6619
7422
6110
14111
96
2025
15492
22945
17459
28863
2098
18891
9194
1914
12459
16163
9131
9861
26355
13076
13198
2000
13521
15818
10548
27497
10061
20151
13155
14578
18673
8082
13030
19363
5454
23056
2866
3643
767
11485
24250
27153
26013
4763
9981
16404
12027
1138
3555
8306
29181
1608
25917
10031
27028
109
11318
1784
2355
2775
7076
7977
15788
3529
10110
5738
6874
13087
624
11570
25841
10785
748
20740
28563
7267
15473
6863
10991
22126
8807
22929
8878
19768
12392
243
20142
4674
2682
22190
22899
14266
12258
10238
23514
25539
14770
22116
23885
18956
29299
17172
21884
18260
12329
22706
12698
17132
5509
2284
5933
29636
12550
20385
14960
29476
22638
29115
10707
14693
26780
3106
20139
5779
11907
17518
15951
17937
8004
22005
2246
4984
376
21536
5446
28291
10677
18730
11838
9521
9427
4406
18807
9634
7512
18416
9516
11987
10857
28245
26096
2092
1113
22082
5252
5687
10057
15523
12797
21492
17267
9489
11058
4402
15608
29118
4169
12839
8783
27979
23815
11409
7577
29692
26805
25062
16399
29063
15984
19456
21795
20569
4333
18386
20105
15543
8776
6499
24621
27539
27173
25018
14401
8466
2311
16961
20735
22066
17316
4839
11925
12393
10585
26155
24712
8736
29850
18761
21414
6634
22204
25786
29464
3474
1824
3025
6624
25182
26328
27563
828
14341
21903
21561
29433
17233
17765
7246
26206
4599
10376
20331
26979
8358
7962
2178
12817
21598
2689
27310
29814
20776
3259
18592
23380
25966
10514
8256
5657
28434
13543
19354
3337
924
29982
17857
768
4028
29581
8919
10812
20213
5458
25680
16653
2899
5527
14102
13132
7095
26927
29126
6672
20214
11528
13817
17430
26796
18037
18502
703
28098
28893
2548
17388
12113
7859
29585
7071
8219
937
20811
1301
496
114
25042
17221
11760
5386
2750
12892
14491
18778
11969
29990
22422
11582
19089
23739
20908
7642
23875
23743
24539
22829
14579
18692
223
17632
27070
14480
20924
24530
1124
28689
14008
23149
9588
20301
19243
20792
28427
21530
21775
3181
17298
5014
18724
4462
1885
12178
1557
3054
17246
5682
12150
7623
8334
24671
10432
4298
25306
25452
4161
20960
27452
16446
22701
25109
16217
20551
23487
28745
15578
4703
23568
23851
1236
16772
11743
5438
26169
28686
19806
3111
13050
29222
26945
2524
14284
13778
363
738
732
18902
7610
14094
23736
10990
18750
18687
5647
17958
11051
13562
28284
4779
13531
9296
23500
9586
12403
20615
23617
4657
13746
17081
4469
22808
18396
28583
2551
21275
19179
17845
9003
6443
27332
12861
13103
3600
20308
16074
7990
9445
19944
19728
284
7876
2842
18848
8604
17706
264
21273
11349
772
22195
23778
22998
20305
5791
13072
15857
9842
13274
14736
5683
7790
24425
21200
19417
20252
3112
8912
11721
28650
7974
26279
18555
20155
25272
27476
11230
8261
7517
16453
26179
17115
22764
8476
15551
26444
17969
1889
2221
14818
28000
23929
27078
16664
16120
11241
20114
3578
7865
10444
2553
21782
16734
17678
27369
16629
29603
7643
12544
10508
6405
1545
5308
8435
11507
29618
27637
1120
595
11729
15366
3058
3109
12719
15345
22258
10394
17584
21931
18412
22504
25939
27667
6222
22295
28637
12227
22110
12575
11690
13243
3444
11120
5467
26423
2540
23955
6967
7863
574
11289
3365
7425
19648
16105
504
18479
3257
20700
29192
4495
22539
17444
27004
25678
11643
3737
4727
9305
21105
19681
20584
1036
5512
22
2777
7361
25903
14840
17289
13535
24917
15732
25029
14542
7447
4247
11930
1666
20663
1071
729
28512
17026
28043
11336
3532
18500
7239
10933
20062
21604
10140
22870
11874
2322
20309
6547
27135
20109
15401
11618
23152
23717
23620
6513
26499
3084
14691
17825
1560
13597
21192
14830
19784
20596
23811
17672
21713
27875
11478
21019
11728
2374
25947
17281
11328
13208
5674
18610
1339
27082
26583
14609
1794
16374
21077
19063
15333
8210
10101
22223
8491
27136
25255
19455
11598
26858
24294
17908
25309
19258
29043
16668
22839
2875
8902
9406
17740
6317
22445
27346
364
10099
6909
21928
25781
12263
6428
2796
26046
15497
8704
13141
14931
11752
26632
9567
20829
107
25789
19335
14935
19155
10652
22952
14041
23004
4788
4313
10218
13972
24631
27945
2638
24227
5980
12034
6166
27274
6528
25107
24646
21089
18919
29672
28732
26409
3156
26315
8486
25972
25729
6274
16970
29912
15437
15509
1223
11651
7723
641
16913
17517
7387
2755
2807
14034
22623
7036
8552
6523
3460
24410
29378
20020
9130
20847
27805
20519
17640
17116
11718
3215
29276
6569
25412
21855
23668
2599
2366
8321
24023
22475
14680
25876
26078
26704
16680
82
27747
4164
2142
3862
8497
11840
16007
3864
9788
17002
679
24312
6430
3293
12623
26004
6103
19843
1264
5368
16417
26238
2044
15278
27712
16898
5945
22958
15722
11198
17795
15588
5771
19523
25267
12144
12346
14897
24246
11007
6337
4142
13820
28077
26916
18123
28928
29226
3221
8048
6765
17622
20687
4760
23090
5866
15763
18054
7241
17220
27159
1484
2430
16387
16125
25708
92
6244
9285
4278
4658
26989
28090
10166
25296
29612
19512
7677
6802
2656
4317
6841
3670
191
14987
27095
8932
27565
25589
6162
9245
4325
22844
9944
21635
6533
23037
5570
26722
15830
7487
24798
13084
21311
816
398
14917
27540
15576
24828
16135
11686
19069
8308
5803
77
26967
27703
9828
17891
14800
2949
17207
9236
13267
15721
27658
4744
10310
29993
13309
7907
22819
8259
19985
15119
19484
24223
16173
26686
9264
22186
