22694
8362
4416
6198
16062
2298
19388
11102
11048
254
9210
14708
11146
2138
3128
20184
21144
15136
23856
11508
6174
25144
364
10858
13314
11164
23858
10724
5550
15314
18530
20334
13700
926
18634
12060
15328
7492
22838
24626
18284
4350
2440
7074
18698
9114
22156
1480
17050
5810
18610
19690
5790
12618
21078
6446
6460
10578
14124
16544
20280
7938
2800
1636
25684
20576
13156
17586
16532
5872
12522
20384
524
3674
3246
23830
12390
24160
23600
218
23308
20874
16694
12790
6570
17238
6934
17410
20918
10930
11636
18690
6950
19638
19032
17804
20446
24596
10180
25810
24752
6832
7920
16164
19716
18700
11418
1420
16180
3296
3340
8834
19996
14252
8114
7404
19392
25700
3484
24366
6102
1652
704
5352
15240
17290
5324
4274
14406
10962
13306
14462
10928
16738
23562
6396
12636
3616
22276
6826
3870
19472
1852
22548
19068
21590
23604
6620
12718
16476
24344
10662
11518
19510
21468
3990
18952
18162
15046
2788
22340
3206
7090
22956
14686
10642
14010
274
25408
22912
18576
3840
24210
21118
23288
3262
8402
12338
7434
23632
23884
8542
15042
12710
11034
12350
1208
6260
12358
15398
3152
1834
19738
8578
10004
20608
880
20136
1156
9972
16444
25382
20882
3634
24104
5064
23234
8810
23076
1438
1512
15274
7824
6402
5176
13908
16506
9126
20166
6372
23932
1766
4138
12606
12610
9708
22924
5858
6926
3526
25866
6856
7326
11780
434
22794
15344
13460
10170
722
26488
20840
22034
25538
17106
2276
1732
16896
19632
4148
1944
23602
24614
16760
1294
6464
11220
22526
25452
248
17066
20224
22878
19988
23344
20560
2020
19630
10240
12770
9962
17008
20342
14052
13784
20316
106
21790
15582
23512
7626
24328
2888
18532
15166
18760
23552
19814
5070
22962
7092
12472
4672
23170
8236
18900
15388
23874
11884
11950
906
20948
14992
17438
4518
17132
5616
1064
18558
5442
21020
15998
17434
5106
23824
978
10622
24428
19406
8552
4142
9394
20518
18944
3500
1792
13208
3334
5072
13856
7776
386
24760
12976
19574
10026
550
8804
23176
7500
15612
9082
7236
18826
14956
7164
13180
11606
15676
898
18340
2956
3048
21874
4380
104
19826
10146
1250
13592
10696
22592
7102
16992
18596
23174
7588
7714
20488
15830
24368
21364
14824
18388
7750
2046
5114
12766
2338
3150
21382
4520
24230
4824
15600
12732
22258
18470
4320
9888
18418
6318
14310
11352
26310
19430
7390
3164
6668
22462
16336
9628
18642
15116
6470
2516
10712
25446
22942
14172
552
2340
10982
310
8572
22918
12440
8042
12118
12476
20922
21782
23612
8706
26280
20256
7048
18862
20758
10030
5234
26346
13400
24326
22968
24094
20138
18648
20528
24666
20418
12664
6356
16294
3766
25428
18910
10128
21840
992
14206
24352
24206
22902
24600
122
19652
25726
9430
2992
1660
24494
3284
22726
20062
8934
9556
506
11852
19526
15884
11766
17704
15476
16422
6118
23656
18946
13122
3186
17376
370
16868
14638
19422
1158
7642
15040
17986
3406
9574
19100
4702
4352
23778
5846
11676
14458
20038
10238
24628
9998
8560
10298
12794
7278
780
17536
16144
9404
6728
20048
23522
20634
1024
8704
17900
16918
820
16546
18876
20162
14316
16190
5388
1426
24052
25344
15048
17968
14244
19114
12952
22846
4058
13808
26100
17894
416
1622
2274
26322
14678
19186
16526
4438
5192
8230
18998
13534
12556
23894
5214
26268
21950
23276
10036
14550
11002
6306
25666
22198
1784
7860
12694
7418
5476
11790
12702
4124
12220
25068
21172
13916
11196
3116
7960
17878
19774
16560
4418
13058
13436
15646
18118
12264
10674
9018
4768
9238
17408
8118
19658
846
25692
3954
17334
6434
24178
9032
9700
5920
10344
5452
5306
14346
16462
21092
4634
1228
7086
20260
24844
12030
18522
19030
12670
6312
2498
17282
9812
19372
26128
2768
13944
17950
3654
21502
11174
3316
4118
3644
2540
9092
20228
2088
16428
4738
19862
19700
4508
2282
18282
8808
20206
25476
13872
23062
21776
8072
6342
11086
19928
6918
4202
9314
12152
6226
19986
12634
18984
9028
10020
26132
3086
6530
17996
24072
22092
5606
25094
25020
3626
22354
6512
22714
23364
13086
26090
16946
16792
23466
9096
18308
12080
25550
24870
18744
21780
21970
304
15066
4454
2942
22654
5506
23748
4390
4372
17932
3358
6228
22426
7968
6644
844
10056
570
20744
4630
15592
14946
3286
13684
3542
22246
19382
14216
18806
9970
8106
15664
25048
9626
3472
18518
23718
11894
26120
10970
14718
3084
132
5370
13802
18628
18674
24618
5818
18844
10446
14836
9218
9324
17742
16494
2032
23972
24372
19182
824
12170
26270
18146
6018
20878
14524
8172
25980
2544
5680
10684
6170
5930
24806
5966
1582
1112
23478
5248
15832
9654
5710
19130
1150
10708
12306
22116
23286
920
22270
15114
26296
23844
4374
25922
22324
25372
12
5534
6066
286
5560
13942
25282
21526
10074
1396
20018
4870
21402
23994
9486
26264
7212
2904
11134
13688
534
1130
21894
25420
2918
23722
9586
20164
9688
24610
12704
17920
25414
23534
16158
11874
7600
7346
10012
1556
18002
268
1034
4348
3004
2522
17924
10548
21810
152
25392
11772
24240
8692
3522
776
20866
12246
10864
9452
16330
15790
2920
24358
23582
21700
6592
22162
14892
16270
12174
5164
680
21128
4388
25058
23312
7114
15502
18822
10164
7362
26138
18342
1320
16664
17486
13264
25812
5338
10168
23220
24978
4988
25582
390
1704
25150
17222
16318
20592
4934
18082
414
9110
19790
21330
13252
5406
19542
19870
18120
21816
22824
3752
2480
15658
7452
22424
16690
24644
21096
4952
21988
21374
3552
15732
12288
13922
5836
22390
13350
8884
2152
10824
216
24030
11680
2620
24238
24032
11630
424
10210
7368
14536
11688
630
17632
13594
14942
15692
9304
16156
3714
12908
22436
2018
6858
17230
22764
12742
6594
6890
22174
2680
23352
1602
19214
10200
9952
20006
13896
16900
4492
15032
5218
8308
12820
15186
324
13508
3028
25284
11354
25496
1568
17284
10308
5208
17908
9930
23638
17912
19894
10306
4654
15968
22190
12774
1028
22086
8186
25736
12508
25368
5664
3138
19210
14000
3256
362
592
19512
20428
17318
7684
3774
14112
26366
11582
24294
7204
18366
4088
17846
14294
8288
7868
10994
14858
22288
2518
1872
13726
18492
748
6698
3278
9392
6406
11592
5438
2130
23790
25294
18604
54
12266
15086
17512
18990
25564
9334
494
25712
16906
7116
7956
22652
19362
4604
15366
15556
20332
12792
6788
13146
23744
9760
22844
7046
20968
9332
15082
12040
9068
21290
23262
10562
21968
5562
14494
9298
15148
26378
24126
14300
2592
19496
5098
18682
26176
10752
10386
19440
15954
1072
4840
2802
6674
15796
25028
13084
22648
11396
18858
12876
10478
24742
2044
25318
18116
10734
12434
10766
15684
23504
12720
6090
1264
20362
8382
5840
25614
2092
10
6772
9590
852
10018
22398
15870
15334
21254
4920
24686
9456
14222
16420
10914
23774
16976
2698
1750
20492
22684
18384
6426
6332
6566
6058
7494
19534
24156
9552
5006
7020
24706
22970
14604
5994
7820
3700
3680
3740
22184
754
25494
18996
244
2574
1334
23502
15360
7156
12532
18180
7330
23786
6792
23782
18150
17122
16842
14182
22894
13132
17640
18694
25426
6622
8944
960
22638
13964
22596
17580
5924
6458
15216
8682
1860
12150
21814
12936
16970
8800
14850
23184
5088
14910
7082
18850
1862
18250
300
18000
2410
4340
6468
9766
18922
17534
5274
18374
8458
5648
26382
430
25220
24244
17834
2700
9122
14144
24774
23618
19994
14816
18090
14674
21284
20864
17598
3410
25766
10772
15550
5460
14246
8786
25972
462
9204
15904
8082
6862
26256
24424
7226
14116
15642
16242
2938
4362
23064
21296
21990
6272
6134
5530
8018
13088
21736
23892
17470
26414
12200
25022
21258
6518
19036
17946
10474
3118
11666
23862
1116
18332
10572
6568
13952
556
842
4884
1958
18622
26466
10328
26428
18268
19128
3090
6106
22306
20738
3652
578
9936
24316
25012
14154
7398
9804
11242
23096
13742
12922
8942
14714
21234
10396
23542
2890
13980
3416
12020
10596
8204
4330
5948
12214
7710
8392
22136
26408
17708
1706
18074
24726
7352
11700
23030
13096
18932
4608
24692
1628
7112
20638
11652
20880
8954
18636
15656
23362
19824
1900
6740
6848
10552
10152
202
4624
3234
7554
10450
23680
13024
22120
25764
9984
12874
12074
22286
11018
9242
22248
13068
3942
7350
22350
11586
10852
22660
4552
10798
10706
15622
24958
7150
10178
13894
15898
13982
21704
7302
17634
20646
9582
3528
24970
11604
11940
20740
2514
8840
568
1748
23734
8856
6172
23484
26430
9308
21714
18484
12646
25474
2422
25438
4944
24416
19136
20178
11654
11072
19780
15674
2560
20114
5302
6500
15142
8876
19134
20226
9488
12800
24092
4406
12012
6176
19692
10392
8352
23956
4162
23320
5898
11626
624
17118
23000
9620
11544
13112
7318
24422
5762
22534
662
5780
18696
24440
7284
2342
12692
11514
15310
18254
10202
10472
21222
7818
23812
12570
25336
3466
20012
9078
7366
9040
21310
23974
19344
12592
13770
6930
16710
6834
19014
20678
23106
20554
8134
23754
4594
19588
13130
16696
6710
2884
22280
17732
1414
10534
8738
12578
638
9146
8816
23164
8686
1752
10870
7376
16942
4456
10746
22188
228
4042
13170
7756
9026
11138
24868
10234
5676
4522
710
17436
14194
10820
21548
13558
15260
17450
8886
13848
11154
18612
5802
25128
3140
476
5284
6146
2710
14826
9974
24718
2400
14332
26116
1262
742
11118
2994
19416
3346
15020
9042
6218
23008
6462
620
21866
6838
13776
18538
19336
22384
5620
17332
23568
9202
21218
7922
20604
7324
676
16770
14158
13890
12944
22766
20464
10702
13362
6266
6550
10756
4772
25354
8666
15948
21770
16510
20704
10156
4422
22564
18660
2880
11326
4480
12500
8756
12464
26166
8460
16994
7310
8746
18438
1758
6478
25194
566
5286
11380
9720
15878
8950
4028
10584
23112
24944
5014
6938
19058
13054
8314
15452
10886
25868
14476
4324
18318
19006
4436
12116
14034
1710
24500
19564
16272
10106
23250
8022
2184
24872
23924
25296
18702
14540
18824
1214
7484
11572
9862
17572
15302
19234
7858
17032
836
10318
4890
20574
18072
13472
1974
2050
5122
6942
5448
7564
14236
8754
22432
9108
17002
15950
18212
25442
21640
482
11474
19334
13940
15204
21240
15382
12974
14724
22658
2446
17018
15154
22312
16228
19454
738
15520
24570
9178
15482
2704
6354
5474
22346
13828
26164
5696
13240
11794
246
876
12122
1658
26456
25304
6596
9000
12054
2610
16020
598
19768
19914
4220
24118
25960
18860
22622
5016
20300
16720
20614
19034
18362
24730
12066
25844
7042
11846
3524
9864
21178
21388
13542
12478
23934
18790
15442
4278
17102
11360
25870
3314
22114
11052
5168
20914
5936
13204
23396
5782
13546
18828
204
5518
21084
12322
23694
8760
7208
10256
11088
25434
10286
5090
14980
17516
22464
500
14304
4750
13866
20264
16010
7634
26088
20144
21396
26260
12212
2604
5910
8688
23678
23132
15584
19614
11172
26314
15410
6662
22250
21830
1106
3098
1224
15826
21054
20296
17508
24134
16866
10364
590
15170
16296
11728
22858
1254
26324
17384
10628
5784
7730
11100
24654
8370
25644
10140
20670
24444
20458
17574
23606
13000
18014
23640
15994
19462
23180
26084
3602
2226
24040
18716
11110
25380
15174
14736
15942
15614
11426
22586
16374
13868
3328
3338
15648
10546
17288
24578
674
25722
12160
21728
14480
7678
19622
22978
25572
16250
16078
24536
17418
3696
14848
52
18936
9916
24564
11478
4066
5678
15220
6976
26444
9986
1952
11208
8062
970
13970
13752
10100
2010
14404
17114
11928
23896
22122
2246
26182
12930
13318
5232
17768
6268
6080
25216
13602
19192
9560
26102
18078
7910
19016
12614
15580
13202
23080
2944
20044
7692
18722
276
21682
18018
9724
20530
17202
10058
9934
9554
18578
16968
18764
1354
7676
24800
21722
26068
1740
23242
22314
13760
5034
2608
1904
100
14832
24952
15736
7274
23394
9446
14712
13730
1180
10350
19458
21734
5744
18206
20420
14774
26370
6990
2460
6132
4572
19902
13102
20982
16934
17706
25196
20028
14050
11844
12594
8234
646
3392
25762
1866
408
10082
1978
21582
23406
20662
12748
16708
17948
1926
20196
20096
15270
20702
23026
18100
1352
15740
14354
23222
24768
2786
14326
7478
6380
5906
14998
7680
21022
10504
25924
7106
4298
16752
2524
7996
8302
21676
14670
25454
16304
15956
13652
5184
14962
3306
1930
23904
22756
21012
13826
22550
26168
5636
5410
18004
2380
1060
18838
5022
21828
20350
8984
312
3290
26272
6636
9232
16142
1780
922
4590
3882
4506
10730
11748
10844
9820
11610
19490
4568
12998
7170
14920
25160
21910
6136
8404
25314
6310
986
5210
11682
1094
17016
4556
20622
4548
14988
6394
2676
22976
5768
14400
15602
5188
21882
13878
25018
24014
2570
988
24102
2322
15722
760
25910
20996
6328
23978
6598
17576
15266
18974
6420
502
7752
8882
188
13218
4602
22646
25054
3444
2738
10814
18194
5748
20486
18962
12850
1818
11272
18170
17990
25906
8416
15096
20510
9828
7696
1312
9286
16540
19428
21742
20750
3218
1068
7446
11112
16624
18038
12872
26086
21454
5592
402
2404
19532
18192
7268
21716
23996
20354
14422
3838
260
24146
15774
3422
9578
23168
20760
23684
7830
15330
3426
4512
23014
13650
21534
25000
10828
6692
1884
472
2746
7200
26206
21848
25912
19008
13322
26004
9978
528
8284
320
2914
17442
25112
3330
9742
17776
16416
11998
12302
24348
22690
3826
2438
25890
12326
24442
10614
18016
18198
520
24682
11538
6624
13676
18918
21670
6294
4354
23212
25600
2722
19162
3032
3354
11098
20412
19420
10194
9772
13632
10206
18834
6562
2694
9900
8642
6526
24066
8116
4972
694
22180
2750
11850
12164
20686
3708
17918
12250
14574
8526
20934
17258
10416
8036
8254
15598
14648
15504
20910
20200
12372
16810
17062
1042
24080
24924
14320
21998
11670
9354
18156
12572
19926
1152
23342
22466
21864
11634
3236
20506
23500
13994
11266
5058
7058
18644
4102
16176
6700
22226
20888
22920
16964
11288
17686
2874
7596
11044
4100
1220
25948
438
10304
14076
25106
398
17818
25156
5166
11440
6278
15728
3888
6414
22724
18098
4658
13626
4526
9448
7394
3424
14066
23204
9658
9440
3938
14772
18680
15024
5002
8436
1684
22518
9270
4712
19350
5202
3854
17740
21488
4094
2966
23518
26454
4896
6418
17430
17130
20690
25872
18512
4302
22352
21592
24818
5130
1624
23954
22296
2082
13276
3324
9036
142
15456
21150
16766
3858
9872
1368
13104
5040
7890
2132
6988
25404
4558
24534
8832
17892
2504
6388
15440
5382
17540
25388
10600
18410
17370
16800
7550
23148
23498
7364
5472
19148
7340
12764
7228
2442
11658
14336
9746
22460
9168
24054
21796
18816
7022
21338
6256
20770
1340
15432
10190
3516
24790
17390
21106
12312
22242
1084
15568
18330
1398
804
14196
3910
18798
26066
25184
2238
9910
24826
7438
6686
2030
11860
12622
23042
622
4852
2828
20284
11012
25788
5642
20390
2210
17124
6412
4440
3304
25276
14360
13972
12642
3604
17656
7440
17454
26026
9506
9046
1798
20642
4660
14620
7450
3814
6000
26014
5850
16888
6494
16762
15060
11898
20100
21368
11978
12370
2488
20082
3720
12000
1890
17944
13728
13580
4932
21416
11618
1018
16016
11168
3970
1380
25148
5492
25206
24786
16376
16530
25856
16662
17902
24342
14950
20340
2392
11632
22688
9176
21846
23448
5566
4136
13656
7198
15670
4106
22670
17636
18712
24908
23664
15828
12966
9152
12456
19184
12988
5036
1638
1604
20872
9118
5874
16068
10902
3748
25286
15780
18550
1558
13976
9182
22986
21230
12726
25886
23018
22826
19414
7732
6454
18708
656
11986
10008
17242
16552
6970
11962
23548
19256
6770
18582
15778
26242
22484
8298
12814
17750
10882
6956
24484
15390
11278
8380
23136
20980
4146
14558
2190
940
3476
20790
12806
23794
8128
14566
8898
23880
10224
12364
25070
11710
2970
1770
8850
23554
5458
15430
17896
10312
14278
1274
8748
15610
16008
23284
1538
5812
14168
22574
12202
9414
21626
3764
12870
19270
4500
21772
1532
8286
22696
7456
20588
20834
5212
9150
4748
16518
18298
19888
13174
22606
22486
12760
10382
17286
21094
10010
11624
24478
8520
3746
17208
18350
24438
24408
13846
21104
26372
12392
6188
3610
6398
15750
20782
20076
13260
19748
16432
4110
14748
18400
23814
7512
12010
20034
14652
10174
15890
23450
12980
9602
23802
9642
19060
5734
26044
25978
12398
4882
10278
6326
14102
6874
21508
10476
11732
5308
6978
22520
5256
25218
3008
12842
5478
24432
24878
11406
9272
20788
16418
17670
14228
21346
13268
17084
19520
2206
1170
10260
22098
22952
12888
19254
21674
17292
15746
9730
6560
330
18556
19998
9014
16742
18370
1868
8670
15248
24734
20668
16292
22438
6474
17758
12546
24280
1560
23298
996
23804
17000
24668
2052
22590
18204
11752
25326
9794
26000
12156
8956
19264
12724
24612
19970
11050
19636
6502
16950
2436
8506
17510
10856
11830
7076
13884
13768
3122
7700
22644
4266
19142
11628
72
14568
8358
15858
26396
5902
9548
1290
17182
6290
8348
1270
19732
2952
22038
7572
16364
23040
12436
22570
2946
7974
11212
12858
7188
14068
16776
562
5216
24204
7168
5354
16878
354
26238
19366
22890
18654
20958
226
13438
3738
13200
11536
7296
5440
1606
16036
3264
22490
5746
3386
14428
24648
15200
16244
14048
21472
5632
6920
13936
17492
6808
16736
23654
24688
1676
13304
22002
13578
5786
15208
1460
3450
16170
1394
15134
12356
4562
15038
12234
22396
13956
17422
14032
14510
22512
4294
19352
3106
17934
14022
2126
14656
2014
22560
7412
18236
23416
10860
25880
15238
9106
8812
8210
26308
758
19504
24078
23454
11446
3776
17796
11322
9636
8388
22218
13212
18010
16358
17936
25784
18960
5252
13850
532
2678
13166
17824
3076
9784
24574
15306
10966
20352
3094
374
19724
25300
3132
18294
19918
11878
192
2128
3670
19286
19778
19612
2346
7804
13380
1840
14234
24594
19146
3856
24866
9226
21186
16862
20236
22348
2426
21142
1692
2
4874
25656
17154
96
12374
11122
594
26422
18630
10602
2674
9460
10840
5228
18228
10172
16926
4396
18266
20676
16368
17338
964
22964
19418
4628
3956
15698
6438
22498
15978
25492
12386
4540
20694
486
19678
24510
16692
19704
25154
23202
8326
13220
11056
13248
22134
9614
9020
14208
17176
3506
25676
24182
20036
6344
18970
11232
124
2294
5204
14390
19466
2596
2976
1504
7932
19144
12728
17214
12706
25884
4892
18270
13474
17360
21948
5024
4072
16322
9278
11930
8366
636
17664
8664
7616
21398
13864
5004
14852
24142
4730
22762
11730
9422
20630
11702
8870
22254
344
22372
21942
15332
25850
9512
12034
13698
20558
6776
10166
26162
11900
15192
18166
8900
9010
712
5888
4708
22994
21176
3994
778
522
13766
596
10340
15370
20994
2218
4560
11398
21180
22080
15336
13320
17718
6060
21160
586
16230
8772
2102
9236
19954
15590
20348
8434
25658
23576
26170
5776
15844
12672
14692
14874
9198
7566
13722
12844
18950
13428
24056
8008
6178
24530
20344
23614
17726
9632
16726
15422
8136
21030
11256
19460
20370
12550
26218
21906
21884
5222
18274
15454
22290
4382
15608
8536
24216
3144
13796
10868
2006
7946
2708
4776
8410
18152
6214
22848
25046
26300
9618
17052
18892
10142
6508
10442
21520
16066
10952
2892
14954
2016
4086
7384
3160
12768
20442
18286
22738
25258
26400
6980
9482
25464
18796
19022
8104
8864
1430
12134
9798
13374
7220
186
23902
17554
18638
18460
18516
7486
14286
4154
12584
6098
22914
23908
9436
5104
4704
3742
15802
17504
7814
7392
22356
17524
16646
25932
18216
9292
14128
8736
6376
1690
342
16338
11506
23318
24462
18964
25876
20682
7638
7670
3982
6126
19324
16916
19594
21868
18786
2008
14878
1222
14482
4430
19102
7918
25558
16580
19048
18896
11350
7322
4664
20708
14092
3250
17546
12324
5342
10052
20046
17112
18030
16114
3980
4478
13774
24732
19842
19498
22810
19766
1888
5738
7640
16002
16328
15416
18886
196
2836
14070
15678
24184
22884
14932
4578
12658
15094
17168
11806
20448
21298
16122
21212
4214
14164
3960
15092
2452
21586
2732
20104
4376
19770
724
9520
14720
24330
22202
6768
20774
6940
8498
12566
16092
5886
9284
13880
15088
13228
14166
24180
14500
5008
5018
13458
21930
20776
5134
15702
16958
5330
24350
5364
4812
2998
23590
24338
22244
23634
24268
10348
9640
8656
25170
8720
26108
5052
22954
10890
8604
450
11620
8892
530
12228
3672
7630
9504
20434
24550
8448
18396
24684
11186
7746
7646
19312
15562
11042
22140
12904
10122
23050
22854
2186
2692
11970
15232
17104
16780
12950
112
10374
15512
2378
25254
1596
14588
23866
18928
18884
6416
23126
6094
13416
19784
10188
24974
752
16824
15856
25288
16790
6694
14436
26008
1528
16908
18446
1310
13744
4592
3618
8978
6160
6232
2686
8820
1194
10208
19274
22578
7332
5808
4018
692
3590
1486
13046
14768
1136
16478
12172
24716
3242
16928
278
9764
5432
1030
11916
12912
24172
3372
18608
2084
14902
7460
10452
8680
8368
9140
3282
6424
17152
11006
262
6820
3142
3760
6242
7182
516
20822
21982
4448
22776
15320
22860
4872
6540
14030
23800
14370
9716
19654
15588
16050
10556
21602
23674
6818
9944
13998
23224
10942
26288
2876
23732
6358
19596
3308
22090
20988
6374
13522
13300
16622
12656
19920
20060
23274
24962
17680
23758
16188
8608
13288
11672
15196
22144
14894
19502
23990
3102
1562
12804
4190
12102
146
13488
19558
10372
24946
266
118
3336
19818
14948
25266
15056
25556
1128
6730
1490
1672
13504
19616
21820
3434
13954
1300
15016
696
15264
16452
9190
17320
26106
1896
5340
9886
910
10158
3468
22382
21826
6456
19278
2220
6314
21730
7426
9938
24254
20336
10514
15140
14330
5970
16638
26420
22916
5062
2902
14704
19980
576
15412
9148
1738
8860
21680
15516
12562
22234
20356
9192
6744
11218
16214
864
13516
19296
17478
15842
9130
8612
21510
20756
24840
1390
19072
24400
21112
6960
3606
11570
2572
15380
1006
20364
21778
584
21042
3544
25602
8346
20168
5420
24270
26226
23474
21108
6270
24076
5804
20124
17630
22020
20010
20838
5688
14526
19374
15228
8568
16354
18406
19240
9624
15594
11784
20020
16700
9680
22126
4912
12928
21418
23016
10148
25026
25444
19126
10486
25036
21460
8512
6876
22874
7358
18112
24168
17752
5730
18934
15030
9070
17244
10126
6840
22852
3832
13028
5862
1730
848
16940
11010
7194
3134
14262
14250
5462
9128
6658
12452
11738
808
16922
6944
26306
8158
24884
20828
936
5564
11946
19380
10874
25032
11082
20360
14944
12002
14600
16802
2156
8148
24498
23572
11786
15586
24148
348
25646
4762
4242
24874
13294
22036
5940
16026
16468
12580
7832
21138
22938
22992
13114
11944
4432
26484
24282
3398
4930
1696
25640
3174
8178
7742
4156
8294
11868
11460
19250
18324
24008
19662
13290
22066
3482
20358
8824
15392
21192
18296
23332
17194
9352
12600
14564
11516
21236
5280
11858
14668
16996
16608
4940
2990
19540
8040
14242
14814
3578
13408
18164
7576
3240
20846
23942
16208
21980
2178
1808
23440
7930
18814
6752
350
13048
22544
19320
19620
18756
23264
13366
1212
24562
13926
16028
4662
25104
14812
15282
4758
13432
19696
10400
19670
22446
19262
20830
1954
26032
24984
10732
21448
21214
3944
6008
23670
14408
140
7006
18258
7240
17178
19096
24738
14398
378
706
22434
4046
20308
5584
17694
19266
7800
25248
18050
14662
17134
11590
6534
18784
10540
8766
15402
13270
17982
966
13668
17048
16080
23810
2110
2552
4538
240
21266
7864
14364
9976
16988
15244
18316
19948
20380
23166
21122
23964
4116
1052
10848
8992
17146
25436
282
13006
176
26316
13518
15058
1366
18246
4004
24882
17882
9230
25200
23358
15462
22732
24248
14258
16332
11528
26240
12400
19452
21216
22024
22260
18058
15794
9790
10428
20180
21082
26480
23922
21132
6216
3690
15210
18620
12092
4084
19170
904
6958
7510
14750
7542
7014
12730
1134
368
17690
11190
25456
10916
24852
21120
8224
17116
17364
1916
1764
20990
7476
18766
10904
10544
20512
18812
10154
14240
15760
582
6300
10686
15226
10714
14430
7848
11210
16254
13002
17816
5414
7916
5450
14160
12460
8510
7072
14472
7160
3470
7580
12230
8710
26178
10144
14716
1800
1096
19042
14514
21880
14666
9038
9244
14972
10218
17034
4366
9222
25510
17864
18106
8184
23068
2396
20892
5146
8054
19480
984
26410
14038
9336
19456
19972
24276
15214
15912
3062
17184
7388
11668
25570
16302
22866
2352
6302
8242
13476
21986
8522
23252
4286
3456
2712
20548
10932
3228
10838
17416
11922
11828
12148
19786
2804
23060
12384
9494
2470
23082
3020
9378
2850
17482
3520
3388
8606
12382
19238
9646
3716
3842
13070
8086
3148
12684
22940
20430
19610
1280
1144
7306
19546
22074
13584
17954
25654
21890
25996
8838
3064
1432
22568
23608
26478
6602
782
2424
688
5960
17860
11078
5990
24188
25506
17342
24474
5544
8048
22302
20122
7374
18924
9892
12864
14088
17204
2718
8190
15596
28
14348
17784
5262
22984
19346
1440
17842
17886
13500
16756
3722
1906
13612
13658
15396
2502
4342
8290
10718
13358
16744
14682
18244
6240
15634
12512
9656
24940
20216
15716
12388
24890
20542
20998
4384
6774
16640
11386
11990
18220
20378
17658
15286
21288
16282
854
16108
6166
10668
25536
806
8556
16362
23296
12596
26394
12316
15100
15004
20126
16536
5684
25242
4956
24880
14132
2362
3576
19492
14642
8472
888
15720
5754
6628
2370
9524
19950
19348
26482
17402
468
24028
25186
11392
26060
10536
7902
18758
22728
19878
19088
14866
19600
7980
16482
6168
5030
17322
9472
20134
23912
16288
1574
1036
14062
1850
14074
26490
2852
12412
6510
6972
3342
13934
10076
20438
4098
2654
10498
14754
8012
11920
11240
15988
22704
382
8450
10784
6884
18046
18386
22238
18336
19698
21100
18994
20214
22740
6296
13074
2898
2314
15784
15660
2906
11252
24266
5528
17304
12972
22278
13822
8646
11550
24702
21522
24504
21090
16774
2508
19872
16584
4358
15638
1610
17734
3836
7520
7214
11936
540
19398
25688
5702
5854
22304
784
22194
15558
21892
16320
5588
16508
22452
15886
15996
4016
12084
26196
24854
16492
9686
10054
13076
7782
7780
13310
15982
5918
8132
18154
4096
9490
10806
10694
1572
15132
19922
5224
25210
412
24646
6070
5000
24960
21562
17678
4656
1774
14658
4644
23700
7994
560
17028
16234
24902
9854
22422
16592
19098
8064
7568
15814
16764
7142
982
20468
22820
26098
17794
5170
22178
8252
6616
4612
16890
874
21066
734
12560
21226
24214
19536
21492
21006
10214
10366
21146
98
23970
7314
19572
6034
10594
26418
17960
13030
23200
19124
17262
908
24002
9256
16502
14036
16612
3562
422
538
16206
23424
4216
13854
13902
24122
6910
2860
13354
12254
21400
17004
16656
17862
16384
7190
21912
11106
6138
20590
4998
11882
16554
17440
2306
22804
24278
8586
13716
2170
13608
16788
11302
5546
3058
14912
10310
6992
25102
24722
21204
13530
8596
9386
7320
22376
10384
8310
17800
5490
20072
886
15734
9950
17714
21430
9302
16286
9538
25406
3200
20116
12830
16076
23610
4472
11500
19944
3648
13914
25908
3718
22322
7436
1830
13924
4474
6688
25718
21174
10846
26126
10834
24018
24804
36
25310
12824
9610
25238
24636
1578
11060
8226
18846
3436
10198
2668
5932
21152
2384
1544
2598
21758
834
7720
21896
25236
24556
14412
16398
15348
18724
7454
20976
22842
21556
1728
12252
11760
8174
20728
3496
22028
12050
19924
15738
7664
7952
10794
22716
15530
10810
3828
24674
12162
13486
6868
10258
9530
2024
1878
8924
23796
9496
9992
2234
22636
730
8624
19434
2734
2430
9528
15768
15782
20148
2784
68
9966
19012
10434
19052
13334
7882
24744
5882
13640
22386
9408
7276
21136
2934
21934
15894
22152
10272
3566
6030
3026
16074
15604
25716
10502
5084
20460
26146
14432
5982
14532
13996
5644
12166
18348
20286
2820
23644
9252
24758
24084
10270
1376
5346
10212
3396
25500
16600
22400
17406
17526
24460
16456
22380
12926
12524
23940
8814
14276
13618
11994
26416
18866
7728
23662
10832
7308
26344
3968
9432
16386
25488
19328
5856
23914
7290
17926
6626
3244
1328
8976
3744
11422
10098
23852
7612
1598
9310
24318
9410
5470
15474
6866
1724
16388
8330
17976
12992
1778
24998
1088
8702
12158
19488
3852
23820
25680
9960
9842
2862
420
892
2112
26114
7936
1350
1342
6806
3364
14884
10110
5912
352
23936
13978
18034
12604
18278
9584
1452
4804
2696
14280
26338
18552
11366
5618
162
9906
10114
24320
7650
7840
23708
25678
23452
14468
13514
6496
10002
5482
9684
3460
11482
13540
2690
5136
25686
19206
23386
3188
7444
16684
17188
16226
7758
21958
20666
11362
3222
11734
22542
24780
948
18668
11684
9156
20978
18256
7852
16682
25944
23214
23428
25316
18138
10456
7010
10896
3830
4968
12110
21570
24704
6452
26286
26376
26232
6450
15364
8206
15900
8232
22834
24590
10920
4182
23290
20856
16570
23842
18788
2940
11452
25982
18202
26248
11612
14442
19506
16396
21932
26350
13232
11724
15372
6924
902
580
2228
8634
10276
20912
14438
18214
17336
20234
20252
11238
12348
7644
24906
16222
19370
8990
23550
23962
14794
21342
20836
23210
16962
10060
6736
19580
7856
7410
1980
5298
11260
13386
4300
21824
10842
23516
13066
21168
19044
20886
4850
19306
5706
23446
2844
16496
22760
19550
16098
15034
15754
5124
13610
14344
25834
9884
20414
13532
6634
26364
22472
2118
24650
22778
946
21262
25328
26368
22344
6292
11798
22044
7796
13210
14758
22664
15538
24132
10804
6614
20150
16938
10550
8144
19726
376
1500
5690
6846
14926
17590
11596
6902
10692
17268
22840
26150
15290
772
20026
25832
11152
18320
1520
8878
9094
19308
4292
3204
19940
5496
26212
11716
6936
9852
4186
7658
7854
9164
23208
15010
21792
23412
7136
25752
22594
21842
7880
2978
20966
1056
14012
22802
10288
20734
5230
16956
19284
18094
22192
2870
650
12632
15518
16380
20792
5278
12380
2512
5554
19880
24856
13116
25292
12182
2840
17910
7028
12238
20394
6
8168
11598
15472
1364
14854
17420
10974
1164
11942
22128
5488
25690
19396
20158
24554
7518
11876
20218
11608
21376
14820
19906
17110
11848
14170
16032
16714
22524
7594
15428
13454
23330
19070
12482
19756
16134
314
22040
18728
7016
8180
11708
11502
17426
12752
19474
19118
3362
4778
15118
24888
25796
10196
2988
5814
8102
9870
7698
12428
7166
17676
15680
17940
19776
21600
4240
6204
6946
23736
26358
6472
4938
25704
25268
20478
8960
15000
26076
2968
9692
15012
24166
21032
20556
11342
6558
22004
24070
15964
17026
15654
818
21862
22150
3258
5186
18136
3474
5190
25348
26404
7674
4462
2996
4082
22480
7754
4532
4996
15804
12784
26276
5766
20030
20002
22266
11424
12286
136
8386
16312
22706
13948
5794
7976
20954
13674
11504
19578
22442
9876
26356
4766
1920
14382
1494
22628
12106
22394
20294
15682
20860
25898
11066
16052
18832
12262
1256
12862
5890
13910
17206
10938
17172
2618
14654
17684
1362
13574
19706
14082
16598
6784
21134
1678
16894
22896
21668
10946
25416
11004
8122
3024
2266
9444
19936
12410
12984
13106
21196
2646
18108
14054
26010
16786
18472
13734
20140
4752
3884
5318
19402
22908
17024
3772
13754
23882
12504
21540
25290
4618
15710
18064
12206
17156
23420
8038
5866
20732
18600
23592
3962
25302
14628
8182
17324
1760
24042
14200
23714
20292
12882
9834
25098
22206
20766
12044
9914
7778
7666
2568
14922
664
11578
1990
16470
17562
8544
18414
15268
3178
12298
20804
25530
23726
7898
18144
1040
16454
22656
1842
20094
3546
5996
2310
2158
12506
3538
22816
21946
18442
18524
18980
358
8830
6236
23594
11926
12746
10898
518
17648
4424
8264
18306
8836
7134
21898
5428
19112
6366
21538
18290
15688
2496
21464
7636
15576
16668
858
15616
2726
3922
26266
25660
19332
17822
12204
19946
13100
19304
16610
22494
8708
6676
12332
9750
19874
9774
4010
12426
22450
23378
5500
5522
26020
5196
1492
17622
22872
16400
5094
25366
11466
22566
14114
20626
12438
12242
1948
9374
22996
7176
12226
18248
7148
4284
8014
9478
22944
2062
5174
20764
19516
16758
17544
17388
10138
19318
22876
94
22172
1788
5314
8400
7008
5268
14440
15426
3462
10520
6968
18044
9522
1992
20174
23492
17956
26332
14148
8598
10524
17398
4080
3176
3806
24024
6718
3946
6590
604
18376
24454
22692
3914
14966
6996
6036
11104
2616
14014
25008
6830
12036
19188
17858
14984
10242
13918
3556
360
4378
6052
16096
8276
10998
14028
19090
7488
4638
6346
1870
17802
11026
25100
9450
1874
18104
6896
3998
798
16856
962
9604
7138
8430
1336
9836
12222
19442
8660
13696
20504
14732
16220
7682
25038
114
19438
24108
8644
6928
9072
16828
718
3060
654
7406
22420
13714
8894
13014
26470
7270
8090
3348
5498
790
4770
13898
6796
19682
7382
6734
15176
19276
8428
20004
18346
11774
24528
17814
13938
21852
1458
1098
1484
21646
22666
10236
6646
18902
15514
23930
6994
24942
20660
10780
8176
2154
6284
21200
23464
17348
10532
13484
21268
21572
20970
12782
2054
12620
14770
7258
25330
14178
24258
21314
11312
6448
17626
2408
7026
11740
13244
25580
15834
15106
21978
6186
9484
13552
21642
26142
16412
11818
5698
17248
23702
18762
10420
3560
13178
7770
11908
11872
9958
5100
20088
13440
21016
20652
22088
21126
25312
22054
17022
21026
5650
23098
11934
8188
2974
16882
460
3100
9608
20470
1160
2954
8002
3104
19794
13182
7808
21664
24956
24656
26112
2754
18066
22016
392
1216
16148
21206
2984
13364
23240
14796
21698
19300
17978
2964
10042
25212
13904
8462
25090
22960
11206
4344
8848
3078
9416
9782
22528
356
13570
16754
8722
14368
17014
272
21660
17446
12866
24784
22042
12232
24082
9024
16514
9664
12676
25096
11188
5066
19280
222
21264
14004
10958
3378
22158
12924
12616
7370
25836
9598
17588
6156
160
1232
15122
24714
4740
12868
21334
1802
2606
22882
6074
4670
12088
25362
12880
24322
10792
25308
25132
22668
15946
15866
16948
6916
12630
15718
10638
25840
25954
18592
24106
9634
23258
3928
20844
22856
548
25136
21834
22948
24926
22532
194
1000
20722
14058
20476
25346
9652
4444
20894
6154
23596
25504
6702
7068
10818
26036
15470
5736
3080
19230
23092
13556
16512
7702
23460
2748
14268
1648
9670
19548
18898
2632
470
25916
15450
7192
15620
11622
16642
10268
11150
21210
5372
1242
5572
5778
17136
15080
7942
1076
17872
3518
3798
5740
22358
18540
20752
26320
3486
14176
23918
1932
2510
14976
10068
18956
5060
7522
3384
16408
10926
8166
17144
7836
2344
7734
220
19752
19810
8904
18168
7262
6264
11236
11128
6552
18302
23134
24096
17596
23720
7234
13442
25240
15838
16
25720
7380
22478
3666
24496
18160
11564
1698
4958
6086
18
22404
20640
10108
18040
25440
4516
20862
5576
19258
20078
30
18580
14778
0
6140
5752
1736
1406
18390
19760
14224
15254
6400
24966
8306
19046
21058
19486
22822
11156
17224
14986
25512
10354
23272
18468
6062
15846
14488
4652
19746
15938
15164
25814
21956
3908
8698
21102
25352
12098
13670
13034
458
6720
3630
22282
14618
5952
13876
13562
17700
10876
17096
19740
9996
16880
21228
16516
20450
21318
18412
8194
17620
2936
20778
18992
7628
19562
11718
12652
1844
1162
25482
14740
14896
2716
17570
12640
2790
7174
4576
7078
21018
20624
8700
814
24642
25546
15868
16204
11918
8764
17458
3564
12136
12294
4504
2948
5380
4070
25460
2838
7662
20422
10296
18084
8196
2794
7706
2026
13224
17710
10334
10588
4692
682
12852
10618
2104
8676
9058
4008
25566
3400
18176
15772
21996
2420
1226
22888
17006
25598
20730
8952
2910
14844
20584
17058
19718
13628
17980
10506
7482
1824
21494
8920
19882
12422
25926
3432
6076
6732
9002
5150
14598
24740
18958
25958
4128
17126
9824
19830
12064
11294
2284
16040
23870
9306
9570
8614
3018
26078
1168
17728
6672
5944
25860
2358
16486
13168
1132
6180
6262
22186
4788
20008
19848
20016
5658
8256
24110
22832
11358
9518
6962
5774
6040
4164
21458
16202
26186
22562
25744
868
10014
6724
20964
13094
5180
2308
8796
18692
22906
1880
15566
12142
20916
6334
20538
4848
17472
4906
8140
3376
25778
21300
22414
5670
16046
1742
25114
2752
18510
18616
17530
20620
16326
15500
17088
21148
17674
1176
25792
18802
16072
4228
11988
24306
2660
7908
3918
9268
10040
9138
10636
15522
7876
12722
17382
14914
25040
9650
11576
9142
12994
8932
24508
128
4074
11744
20786
15346
12884
20032
7744
16818
4792
25608
19964
14096
24450
22830
3906
168
14694
15764
8998
21452
1540
4078
12964
2196
15922
8032
13638
16300
7272
10646
15444
7232
14340
15748
16004
822
14872
16630
10954
19268
13718
18232
25822
9084
24748
5552
21052
5206
23740
20606
14396
21514
19322
4534
26406
17300
5742
13422
25370
13308
12490
2336
15188
21432
22052
20582
238
6254
3936
14484
10316
1552
11320
14856
21040
2766
20680
19330
18494
9866
15564
2290
25010
2640
25422
84
25770
14282
14584
8088
20814
10492
8538
26250
25830
10800
22734
12462
15052
13188
26012
6092
25334
8794
13376
7988
8588
15570
16124
3710
24538
20440
22470
10738
2256
15966
3904
23574
12756
7066
15236
18562
1408
26228
22708
25424
12320
10822
8558
24584
22998
17142
7216
12004
17226
24302
21838
17584
9184
9434
7286
3570
14596
5290
14996
26362
5154
5376
20186
3158
7878
24256
23280
26284
16872
10976
23404
19426
10512
19302
11132
4818
6816
10774
14702
4830
18754
4326
24274
14394
22910
21474
11390
22142
18126
17328
21706
12552
3326
3344
22416
13348
25272
14418
26136
10660
16628
11644
974
8532
11336
19208
22768
11304
1536
13242
13152
19808
24764
24604
5272
25158
14632
12920
24492
13164
9188
4686
19024
25664
8120
21738
19896
23520
2458
19742
15460
5694
12076
9206
24296
13992
21088
24896
20772
5720
4650
16884
17468
5662
610
3530
17212
1188
10716
15028
26018
24672
14908
6586
5520
21014
7416
15172
11524
24410
16898
18732
6612
20536
25528
4946
7146
5360
19078
23724
1120
20098
20452
26292
9676
10220
21384
23434
6914
9858
14578
252
12056
18736
25192
7560
14548
6608
24362
3428
2744
2798
15222
11222
23354
20188
2300
15510
5870
25862
6368
19982
4950
23524
826
11832
13620
22722
6690
3686
504
13280
23948
10910
5092
16634
9466
23238
8914
15090
7562
11472
21062
13712
25468
3754
23140
15672
11024
20938
17186
9592
14940
14538
932
2382
6164
4688
14186
22774
8562
19236
17078
21436
3574
12330
22754
23806
17340
21616
6276
19820
23270
1902
17532
16042
12538
18408
17412
16680
3698
25400
18508
8396
22814
14478
4826
5144
2244
20472
23646
8818
5096
23742
5788
19288
26006
16150
12484
11216
15014
8626
17624
20516
3212
24972
13150
3390
1664
12018
15394
16236
18686
2612
19196
25498
20466
21720
20254
16574
19222
13710
12624
2230
6212
17302
16990
24448
21886
2490
380
22068
5412
9946
25786
4252
5586
9806
184
10964
23268
6974
11332
19484
6112
7442
15726
15930
10654
11870
21822
15436
6128
4668
3890
10430
10574
2416
18476
10078
16808
1908
1316
12834
2602
15864
2288
19648
24736
7230
21358
21546
6104
18968
23818
2106
19404
6252
16648
23578
4192
14018
11394
4834
21116
23328
10072
9588
13654
23382
12024
6506
18024
23120
19840
24914
10338
24420
13852
14380
26302
5054
6208
11638
4722
26050
15288
10460
882
11842
2304
21786
20944
22008
7958
25774
5750
17274
12046
18242
22616
8162
2332
9882
14272
12700
26118
5602
24212
17038
10424
18514
4184
11470
24986
914
2272
19606
25402
7704
17838
1454
22022
10830
14752
22674
5194
12378
10016
9572
3394
7110
11014
16012
10606
15420
16654
14260
23172
23560
10124
7904
832
22468
600
14650
14214
23762
22746
10448
5464
20674
2064
11074
1206
10778
11140
11526
19958
14156
2580
746
10944
1058
66
2174
8770
6248
9102
2348
2740
15776
24558
16688
13192
22496
13778
5026
26432
14456
3068
10802
18776
17810
7536
10968
16446
18554
9224
6050
3136
20566
4466
1184
1680
10776
16194
1424
16120
2720
328
17344
24120
15770
3788
12420
8906
1346
12280
3622
16140
10094
120
22310
24060
10788
23768
25534
9380
15318
24922
426
19932
24354
10630
17652
3850
5010
24458
23314
11540
17036
7940
12052
2780
1142
20172
8636
7924
6878
11000
21564
14508
17592
7024
12130
23772
6712
26154
24864
9968
1962
6894
10666
19908
20928
26130
18344
19212
22514
24236
24892
3248
22538
13524
24136
6286
2162
7526
4606
21274
3572
544
10866
9076
7766
24822
14098
24100
13860
10754
264
14470
6588
10744
7686
8502
23118
14290
6404
7948
9294
17696
6696
13966
23706
3844
23056
8244
5112
8146
18780
25622
16324
8328
26096
5578
15126
18718
10408
15072
13678
4774
3682
1472
1386
20288
13236
6654
6908
21802
19020
20726
2622
5020
2200
22318
19628
10688
19650
7430
1048
19952
6706
21928
10812
5142
8696
11296
24286
4992
11096
4132
14434
12836
8620
7774
26
5830
20992
23636
878
1968
24396
46
13392
5510
20586
11054
3632
21900
24374
3770
6206
7900
22076
14594
17218
7044
6244
5276
21732
17094
4442
24582
11126
4780
20716
25024
23910
10526
4068
9596
15800
1814
11268
708
22620
18544
21044
20602
16414
6096
6192
16112
15992
4112
20388
19314
8164
25124
23122
388
18916
15872
17854
9134
2000
9514
16224
10356
12626
9732
24336
11316
5396
15078
26152
1722
1002
22786
21662
21442
5942
12342
22214
794
18432
6010
11912
20952
716
14904
20462
17638
12188
728
1700
12528
8156
25202
9030
8274
2486
22936
24798
3924
4234
12574
11864
14358
16448
9274
14614
4306
10516
19762
890
8280
14386
18720
76
12896
18742
954
23266
25142
12210
15272
8480
26062
14530
7036
1296
16912
9468
13642
24620
828
7424
24968
8340
4982
16298
7124
7244
18032
1554
24980
21046
17234
20192
23710
23620
2818
58
23324
3208
26056
9346
25120
12716
19116
16572
16166
10564
23716
14256
4356
5434
616
15744
24808
288
20152
25698
10226
15162
10538
20900
18226
13862
19500
5652
9260
316
21000
16748
25364
13586
8004
16812
2376
25516
3598
20366
8108
6892
25298
26024
4786
1772
3214
6124
21410
1516
22000
19802
14928
10880
15888
24990
21724
9678
14862
8758
26318
2002
22236
1656
19646
8440
20298
26214
20600
2764
7786
8752
20056
1392
5316
24720
4620
150
8940
22448
2056
7896
18908
19468
8518
4040
8124
26034
5108
22456
8466
11556
8802
13254
22096
13660
11248
26064
10096
17266
6572
20714
9016
4682
4270
13788
3678
10412
12318
16382
5896
1756
2714
17500
9846
16550
23898
18028
26392
14822
20248
12328
12190
26042
24392
18234
2588
1422
17220
22082
1356
8734
19364
2418
24068
25724
1620
5980
6152
6064
64
13648
22032
13858
11788
15640
9502
4646
25360
16438
4152
17702
19040
280
8842
1848
25586
8694
9166
1688
15194
25900
15574
25934
14930
678
12802
16504
8574
21712
5704
13950
12602
23100
21158
23032
25526
15050
25252
6492
25162
14616
24158
3540
23086
6078
14698
5368
24886
19172
8872
23306
26464
5264
10266
5320
17074
21242
16404
2772
7652
10048
20532
26374
9644
22808
13912
16378
8896
18280
15488
8096
22582
11120
21936
13278
17832
2236
23682
16308
2886
17514
24224
26220
19202
2566
4960
13394
21366
21530
4006
22108
11664
20070
918
536
3834
18726
7540
19528
13844
4502
16846
19108
10050
2302
1124
25706
2856
2532
13312
23834
16706
22554
26236
8332
21322
4166
7516
8338
17798
13424
21034
17080
5792
13092
18804
23048
19584
4674
1938
8218
10988
25480
12662
840
5178
332
24114
22228
8258
2398
15098
8028
12544
11148
23528
21286
20328
9616
7018
4924
56
3822
13158
18794
12934
12430
5158
14644
21354
20386
18506
1960
12492
764
4210
23282
5356
7998
21836
20768
23788
18240
8632
24154
21630
23260
22374
20810
19916
18864
19010
18364
25140
13022
4134
8554
22864
6120
1642
11964
24376
20208
5028
20204
12568
19522
21804
6912
3880
19086
25278
2932
14730
1972
15708
14958
21854
6072
8426
16930
14936
9162
12352
1482
20068
12516
16406
13756
12336
22880
11108
8292
2204
22950
20290
25374
11450
3592
9074
23182
25904
15384
14288
21528
26210
15628
8550
8478
17612
6476
10062
20212
5392
22332
24394
16830
1508
25882
1444
12344
14890
1914
16086
25168
9344
22604
14706
15668
25894
20146
7344
18880
5484
24820
18188
24690
19232
19854
25754
22602
17942
2466
10648
16724
17712
25994
2022
3270
20972
9568
11430
3808
19076
14226
3230
23630
514
7708
23798
18122
17930
15926
19168
5542
25076
6660
4450
23110
7100
22012
21812
15976
14184
18848
12282
20262
4790
4810
24480
2078
102
24664
5540
24226
17518
21524
4954
3368
16344
19644
1008
4310
11984
12822
9124
22618
3302
2702
7480
12948
7264
5630
3848
7888
19066
23770
11824
18810
10284
25222
16826
16562
6362
2164
20852
20250
21794
14974
9550
22990
7736
1166
8424
9420
24058
14990
9330
17476
15280
17380
16784
24360
24662
12432
17498
6108
4978
11376
10768
20392
4570
26424
19180
6410
1402
1182
25378
11458
22588
15298
14318
12906
21202
21428
7846
1464
22170
2202
8068
21962
11910
11484
25338
26352
9898
14140
12366
432
3420
10508
13812
25320
2636
1942
15358
18238
2792
15036
18380
7606
14664
10632
1010
9796
11480
6408
15896
916
4720
23626
1912
6864
18590
13974
12536
4714
726
14296
24988
7070
1982
3130
14646
6114
21420
23946
16484
11160
24170
4626
5760
19640
9062
178
21308
6308
2040
6392
18656
20282
456
19356
10444
10290
22580
26054
8438
6150
4276
11566
1210
20230
11432
16160
2428
5532
3586
18394
13360
19226
15150
7162
5582
5260
20950
2728
762
10322
14520
972
1466
19900
17654
8142
3988
11686
12514
4856
25808
16672
5868
20578
25544
23838
8074
11974
12590
16116
14026
12424
3568
4716
23374
8320
15508
3684
4
15448
18874
2638
25928
9120
14818
25396
26080
22168
17966
8570
17542
998
19966
14120
3536
8044
6088
21504
10972
20238
21672
10682
25728
10352
12576
16778
9034
21008
2444
21456
10282
14090
21256
12006
3352
8724
12666
10294
24246
12978
12736
7060
21588
20014
17164
13842
19368
2492
9822
8316
11980
1584
1126
5258
7206
7944
25732
3658
6538
21394
25484
22792
17100
8616
22046
11204
410
14790
22224
23666
15554
23074
7788
660
9360
1806
2070
19000
17090
1496
18458
24262
2066
15850
4194
12762
22686
8078
18624
2474
23886
18404
16104
15496
32
4498
18148
9666
15102
19158
13634
21036
1594
25624
6870
5244
24678
452
19176
20454
7294
17778
6488
18586
8494
19904
5692
19394
14964
20330
1924
23294
11224
24772
18142
20700
18200
588
13216
8910
10490
24490
20550
13368
9498
25074
10598
15788
17736
18076
8982
6966
13470
9006
1682
1510
13928
24036
25650
2116
24364
21752
13388
2546
5390
12810
23828
23390
25228
4684
8476
7400
12502
6882
4312
20826
15792
21938
3038
15178
400
1928
6338
24378
15464
4760
25226
15246
23652
24770
484
23816
16284
21166
23038
9808
5934
5394
5226
12734
9682
3782
17916
12180
2846
2762
12346
17688
5900
12138
5956
4370
5716
11008
7096
8110
25782
11076
11282
26440
21406
6234
8418
10216
5646
1306
21692
7304
15724
13666
9160
18186
25574
7210
19838
21238
24198
7354
13510
2216
7420
1588
24452
25946
6386
2982
25086
16152
14298
2776
628
12260
4828
8504
546
18602
24430
11706
24572
8508
10292
2868
13450
4974
21198
18574
3868
21440
17076
2364
8780
166
4452
9248
3180
172
7180
12408
18262
25014
22058
23006
25164
1022
24176
22458
24782
14792
8716
4742
2736
22806
14728
24412
3952
9280
19294
2124
23958
23544
19758
25816
6006
5556
16264
11090
24252
952
13572
24652
23730
19680
20024
5984
24290
26022
18322
8046
22026
1302
20480
17848
15112
6666
3254
11284
12826
11562
23346
25652
16772
2096
9266
23178
2666
20190
4336
3896
14876
7870
4898
8726
12196
15874
9212
4966
5416
15852
8360
17888
17366
23010
14738
25626
24588
25804
19792
23472
15294
3730
488
23408
11246
17788
6122
14378
21326
11416
6800
22406
24384
6898
10118
4902
20748
20410
24468
19092
8584
22064
15626
8732
11344
8154
21154
7872
4718
15706
23336
17914
7386
13690
14622
11614
18222
17160
5468
21554
5904
25734
22440
14498
12120
14414
21068
10378
1400
10422
8198
6810
19582
26048
17180
21832
9262
17790
18988
13576
18310
25108
26216
20688
19876
5362
18664
11038
19844
23760
21208
994
3184
15970
22748
7080
14834
25750
17424
25472
25772
23372
11704
1590
3096
1442
14502
19728
5426
6054
26298
9400
7984
25790
25410
428
14372
10850
18920
1192
23044
18452
10650
8052
23752
17988
11124
720
9980
4990
25462
21426
25848
4208
13246
9246
20156
22412
25780
12860
9052
4244
19674
9932
17120
19436
8548
23616
12096
25828
17716
9816
12296
11114
23256
16000
6900
19518
25584
210
4064
15876
11438
17608
13708
25244
11958
17260
15544
24010
11966
4282
11854
17866
290
18130
5732
14142
23916
5598
4398
7546
20718
18770
4026
8782
1986
15044
7334
14350
24544
11384
17558
9948
3504
16260
3768
20074
22210
4158
20540
17270
3950
26462
6642
18368
3380
2770
18276
3550
17346
2494
19084
8912
1576
4408
17484
11886
9300
21850
9174
18894
24858
25800
23160
19634
5046
206
3958
2758
20170
6758
18424
18752
13078
3692
7604
2270
21072
7954
2242
14840
20858
934
10204
3510
16528
23960
16014
26274
20086
16490
10462
7144
23570
3220
5852
8070
14266
22476
21584
13250
26188
10432
19708
5032
9054
12942
6556
13814
1796
16596
4964
2548
14402
21614
14512
11234
11374
23442
19282
12628
11262
24810
24112
19298
8618
10592
15918
7248
18730
2658
16864
22138
22836
8784
14110
19884
13466
1804
13448
1550
14786
25974
5400
17578
22284
1344
2208
15958
17730
672
24456
296
17314
4610
6298
10404
12186
2168
12176
1154
4468
17294
14542
13498
14094
20628
6606
8056
17474
13962
17158
13274
24920
1718
10182
8788
17594
1230
21278
10136
17756
9714
640
2296
18358
21808
4246
9754
14056
25532
12902
8260
15882
13340
6044
5628
16306
10728
3898
12586
3614
404
17064
38
21784
17256
24696
2682
12284
1012
1838
15756
21294
11226
18598
12090
346
22196
25466
18416
26342
2264
9254
22974
24186
2094
24190
10568
16604
26458
22796
19556
22308
22946
9674
11764
14978
10950
9136
18684
2912
1092
11960
21184
42
12132
13222
8750
12194
9364
10418
4360
7038
25914
14356
7716
15242
3126
4698
18542
340
8084
9328
23422
5660
15276
12070
15630
12376
19220
13044
14780
23688
16840
11956
16334
19942
4062
20382
10620
9196
7582
7508
48
5374
6048
5386
9322
7504
14560
11952
7534
10230
15458
14968
15278
22102
26446
7844
26148
6324
2042
7986
13590
25956
4530
25842
16136
18666
20508
7464
18740
9516
1004
3668
8994
20112
6798
2986
21378
3996
15414
13284
2034
19150
10360
25224
18640
26476
8966
13512
26468
1720
11992
1218
20092
7422
21516
3802
24794
19858
20120
3438
12848
7172
4584
25738
1502
6842
15008
7502
23558
92
4832
3232
10398
23186
26336
12450
9362
15928
8200
3986
5172
336
10948
19660
22934
15712
25060
9600
10672
15256
21438
12256
2086
25062
22048
13090
21446
12608
25088
10330
1856
13720
21750
2388
25612
26092
13886
11084
8202
796
11064
13906
6542
20868
22522
1524
2192
17374
10038
14122
24766
16852
22800
25562
2464
24976
50
14328
22930
17464
24194
6482
25892
16636
14392
7690
7722
23584
16782
24140
25486
18904
20474
14868
2232
14744
20986
20956
5044
26380
21644
23028
15662
1044
19160
24754
21746
9526
21076
21944
11324
1240
13494
9832
13536
7792
9316
10022
6430
16588
5674
6436
648
15652
12548
25540
18594
22336
24314
5828
21612
19122
480
5634
3642
20842
6762
1462
25794
9098
11696
15068
22388
20426
1956
15362
15700
1854
9622
18190
13646
22124
8170
9780
8270
25806
26156
1276
17480
258
17082
22320
6904
9756
3046
18778
23920
10894
18328
24502
1196
24466
2528
24710
16984
13968
20706
18890
9216
23304
3490
11924
11346
10046
3252
1248
14938
17994
15446
10342
18800
4536
11530
24242
3276
23950
17826
19166
3992
19354
17556
16836
18560
24552
3978
25920
11834
18326
3688
1662
17072
7548
14448
9740
17644
9356
22368
22030
9736
23496
9660
21766
20402
14130
6680
16920
15338
25250
24332
18808
18264
7328
24390
11436
23854
4108
22360
17040
13762
16390
6932
11334
6726
9562
20902
8372
12340
2500
13134
4268
16498
18208
18054
17830
6514
302
6504
4176
26460
23508
17042
9758
22626
21744
16806
20820
25520
19938
11062
16474
19664
20102
11808
1810
21710
17962
25146
16972
8828
10092
180
18060
732
2834
7970
17138
13412
25630
24802
20484
12198
10590
23066
8744
21248
9532
12304
21656
17372
4928
21408
8432
3734
13434
6444
8482
18428
5456
8806
15526
13162
21654
308
14450
138
8268
19822
16168
9990
24006
10736
18852
13794
25560
20040
24116
7894
1950
13836
9662
3320
6872
26390
25642
21924
1360
22430
3966
7034
14322
12856
17378
11904
7356
26234
13298
23628
8220
13724
976
12468
10162
11546
3650
15606
23360
11184
5860
2072
25616
16892
13840
8192
8250
1934
17748
1456
12854
13144
26180
24658
23194
21624
5596
3638
26278
7726
8534
334
15322
21964
12588
13988
8918
18480
1564
20052
1090
18572
22676
9398
14830
3594
12454
20
8334
3272
8908
2634
24836
6378
15944
6678
25950
396
17618
18662
7242
62
17970
9464
18114
18588
23002
18678
23692
16106
20302
24756
5102
17506
19152
13370
10176
15822
12638
20544
13704
20444
12534
12100
21788
14554
22148
18882
9890
13986
16768
10414
25478
15300
9830
4188
17276
1614
22720
13526
15378
13462
3488
2386
12216
25802
10742
13136
14060
3582
20546
1646
16154
3900
3182
2558
11522
24630
21726
19816
4022
17166
8336
25034
3112
6340
22130
2822
17958
15182
10748
22892
13792
25116
1506
5296
8902
15920
15206
21596
23764
10808
2922
13148
20106
17642
12678
19476
11660
19800
17092
7490
22698
7098
26174
2832
11750
4346
7196
612
14680
16266
6082
12082
3588
14608
13126
3756
8718
18392
24228
9770
10912
16686
25246
22010
11166
25902
10300
17880
15484
17200
23326
22410
15494
26450
4230
7538
15180
26340
8610
1828
13316
14534
10796
2390
17984
74
17754
20824
16402
9454
17070
18006
950
5756
8412
4496
756
5656
12354
7292
1754
12986
10760
8684
11896
22164
8712
13624
14592
1894
15478
24088
9540
15578
19290
5580
10468
11694
24788
18490
13064
22338
15960
7094
10836
20202
10934
22598
23660
23054
18504
1412
2472
20806
18782
19710
850
10500
652
6220
13464
1630
4090
372
4696
1936
17666
7842
18856
872
3318
15762
2478
242
17538
11020
26438
9100
6014
6554
2134
22558
7748
10102
12496
7408
1292
24334
5824
25490
1272
22898
8138
23144
10980
2626
26172
26452
10640
17350
21050
5504
16666
13230
19358
19074
9158
8484
3014
9048
11444
8262
12112
338
22502
3916
3454
13468
15624
9918
4994
20724
5806
15070
22506
12958
4676
9276
6604
20258
22392
12310
1570
154
1984
5682
11476
10770
12360
18872
1994
6640
16794
9956
2144
13336
15026
11314
23686
1632
9874
4910
20000
15892
13600
10390
6364
25050
6632
15824
14416
23900
7372
20762
2374
3022
25672
17738
20022
24414
23458
25618
21156
21320
9698
13538
22614
14474
22600
24602
4878
14388
1820
1082
7688
4574
13832
23302
3724
8968
21818
19064
17108
9376
6428
21618
24038
20090
8690
18672
14742
21098
12520
14218
25878
13664
3532
23952
24606
2090
2036
26016
17020
18854
26122
4248
3366
5976
15906
698
12488
2842
134
2004
1416
6576
1026
4254
11548
9896
2782
10900
11968
19684
17682
21544
14204
14640
3878
3042
21344
9738
25568
21806
12712
3624
23698
3300
6682
24566
24218
10370
7934
12236
4970
20632
21424
384
24936
23292
22428
4368
10314
12530
8066
12442
1108
3414
2136
1372
22818
16814
7472
22378
6196
21336
16902
15786
21972
12124
10246
22500
20800
3584
3294
2286
9776
8528
13080
25450
18486
26200
862
11778
5344
23938
2268
4196
7118
14888
25260
21232
3350
5076
15916
13214
24860
1070
1674
22370
17614
22540
26224
26110
7610
25092
16816
19796
12582
17060
19154
18614
24264
24284
90
25052
14152
24488
25824
6158
20198
8582
23206
9418
9988
13410
9778
11462
1744
812
9438
3676
9358
9428
17548
2166
12598
3892
21914
16310
16704
4272
13010
22482
22784
10790
7978
1282
23128
21922
24098
4296
1174
15934
17400
26028
9672
12758
24842
4678
9022
18818
1666
6246
23984
11814
23624
20940
13266
18402
19446
15742
14046
5600
8714
8150
12274
4784
19224
8010
25394
7054
13344
21610
1450
14788
924
17368
6954
11046
15560
7816
20650
18440
25356
12140
4434
6652
11640
658
11094
23368
22640
21694
16980
12780
18658
1314
22006
21604
14798
19984
25214
1776
25066
11176
5610
6230
12518
18448
3408
21140
18500
25502
19694
474
23514
19478
1086
9694
16460
26436
26258
6056
17010
11388
4260
6004
14710
9606
24144
20572
2468
21470
26330
9922
26052
7810
10888
6016
18068
17868
3034
20132
9462
3006
19968
6986
13482
23350
6754
13740
17358
6836
12292
22812
17240
5336
12808
930
6282
6348
26472
19508
12960
24016
6804
80
14108
3280
5986
2882
13566
6790
19554
7618
16986
5304
20594
6320
6068
12644
18526
18088
15354
23370
25072
1268
4402
8050
11642
23090
17724
21024
21060
9696
9994
12910
17488
3778
16670
3726
21110
12062
16932
15690
4488
21542
25606
26192
23432
22240
11310
14952
20672
4178
19310
14238
25182
5300
12268
12290
10402
4120
1670
1202
2644
13560
15752
4168
15798
1080
16678
26046
15486
4582
20522
11308
21918
8866
17298
4052
1768
7108
25610
6200
24848
10326
6480
9382
19400
21404
12146
10878
17308
17462
13038
9338
18272
7524
12402
19860
24928
11286
17616
20870
3750
20270
7316
25670
5238
16914
3120
11838
22900
16620
6484
3940
4942
2830
7120
3920
5454
990
9982
11370
7532
3056
21960
20596
21056
11648
4484
23046
16360
13004
2414
24250
1278
13160
1322
11258
2324
19338
1488
5236
25002
9536
21536
23792
944
3636
10704
5328
2774
11364
7574
7590
7578
24680
12940
16006
24586
10816
16130
14016
1816
12898
2194
2074
18086
17312
6250
21628
8648
5198
5042
236
18178
12114
4226
11442
21372
786
19110
12094
23482
5494
16280
11856
3948
11948
12892
24776
22166
19082
6704
4386
14576
7466
3172
20798
24004
12510
900
108
15356
8112
11880
16910
16184
12918
3662
10782
4044
14630
14460
6202
26072
16084
9312
15506
18462
24932
19720
13958
25332
21086
13262
10984
5446
23566
21760
12444
12128
20658
22200
13502
1546
10720
6422
668
19552
22700
2896
10466
466
25594
25084
20818
9810
21444
4980
23114
1966
20502
20684
20346
3168
7084
25208
3448
3292
11510
618
13176
8730
14100
14302
11602
25962
7874
9638
6238
18564
5800
6224
14162
11158
6490
6742
17356
1876
4866
14248
5914
24130
5516
4464
232
12900
25632
17906
4394
10070
24992
2536
14308
24834
23418
7570
23278
9288
7280
2824
16798
3548
4690
16904
942
17174
3596
16370
21352
26230
13342
5668
10112
10034
21328
25004
8986
2122
12446
17610
10722
1964
15400
19514
5686
2028
4842
8638
17170
19248
4338
9894
7506
12750
18688
8946
25636
10758
13694
5270
14734
4680
19316
1016
5718
2448
318
24200
25668
9726
13644
11300
19666
7122
11490
10494
12674
8266
4888
4700
25056
10484
10740
16702
20904
20054
20742
10960
16218
7056
24676
17760
18534
11280
5508
20926
18020
11542
15212
5832
11402
16874
11092
20128
25930
18734
14338
24638
24830
2816
11338
7088
7648
24482
21170
12396
16578
16110
5436
11276
10918
9424
23966
1548
23236
5938
12970
6532
14220
16520
19608
8422
9558
23012
23218
18632
17192
23988
8880
13806
18750
7838
14528
16728
10992
14270
14136
13456
1384
22362
19080
234
4894
21658
15836
110
16088
6822
18436
5988
16480
7694
6024
18646
25756
14960
7990
1332
22770
6182
3238
13598
5892
26058
14444
3984
22268
14352
24292
19974
10826
4200
17672
15146
7312
7260
9492
6664
10006
1204
17012
9234
18132
15962
18008
5922
14572
25306
12258
366
714
1186
18124
21800
13480
13128
12144
14860
22610
4258
10908
3558
17566
5080
15696
20780
21690
3108
14900
19990
21476
26198
5384
2280
10872
25592
8540
5526
19164
4580
5972
4036
11982
2012
14230
14232
3824
21356
11914
16198
12778
4020
18478
4886
2928
25748
24828
448
8792
11792
22334
18878
866
11560
24
13824
12192
4030
9144
22300
12668
17852
5288
1304
24540
19590
17306
24640
1812
24954
21756
23124
19576
766
22298
666
7602
7448
21532
22488
3818
12612
21902
3514
10368
4918
17746
21926
26204
1114
3534
3360
4222
13706
20754
11776
19672
18706
21164
13172
13782
20808
19470
526
774
12184
18940
13798
2250
19140
14684
10554
22252
1592
18748
6466
15342
15406
11520
21392
6738
512
11726
21762
15848
25204
16132
3332
15546
10250
22274
24380
86
19960
14634
23868
6274
12276
12494
406
25852
26384
19852
14080
634
16876
18676
3050
25648
4922
4092
7218
20908
26486
11996
17552
8026
6638
3508
4948
394
7414
2900
16314
20616
6670
6116
5880
16954
6618
5624
11954
19360
5132
4566
22100
24436
15490
5398
2456
16558
16458
3494
23196
5514
12526
4986
24346
20710
15352
21324
11554
20416
2550
8384
24632
15932
8420
8926
7282
14562
8094
5246
9384
8600
11030
5524
23192
23226
7104
2534
24220
13378
25322
1410
1600
15466
3646
19200
8000
13596
12846
13680
928
4304
8126
14202
10698
800
18792
24568
4250
16618
24560
1062
9258
10064
20552
6384
13326
17452
17352
20898
24000
4636
26434
16044
21422
23356
15018
13810
16848
16718
5512
18942
21194
11840
12786
24288
4170
4314
3374
13372
3812
24910
5126
4048
24434
8592
10090
4614
16248
5366
3310
22204
4012
20794
6824
12962
3170
9788
1970
17564
10518
2172
8324
26124
25398
18820
20890
19242
24300
11306
22758
22632
24222
18746
23728
25590
5764
2562
24034
14916
9702
18304
19898
3404
11264
25588
16734
6748
10656
4814
1198
5378
14688
16534
2554
20618
19782
26070
13226
14556
18314
78
14146
2980
16614
22886
3000
15548
9734
606
22556
21870
23138
2826
13426
8300
19178
9564
24164
13402
15156
4648
21740
8364
11318
11292
20272
13702
9802
8890
7552
26074
6708
3706
21686
13888
25746
8020
25864
2366
298
11194
15296
13296
7186
13082
3356
5798
21552
25938
10280
542
14008
1078
21480
18300
7300
24522
2150
6536
21074
16472
21292
25940
20084
10324
644
23676
22546
12038
13920
11130
1716
9912
21490
24634
3664
25874
25234
15312
10924
1782
6440
13018
14180
11678
3312
16102
2114
23232
6648
3794
25256
13490
15498
11022
10634
17316
25180
21940
24472
5822
14810
23158
20324
3790
21350
13550
8516
3786
5770
23198
8822
18070
18430
5310
12058
23376
3930
1474
17068
17668
6786
5408
24576
3758
25064
2600
20526
1566
20832
22
23556
16944
25620
11888
4308
8768
13060
14504
16568
23750
21976
11200
19246
12890
1252
22510
10558
14192
22988
2254
14424
13338
2222
18338
16232
3886
22018
15158
9112
22780
11568
2854
21512
18378
5842
9748
11144
1358
8524
7256
2684
23078
10658
12014
20498
2810
13662
20796
9904
15434
6442
2962
10406
10762
23052
8672
10376
13008
3902
9500
20338
6548
5548
7556
24712
10680
20050
1014
7514
10262
18022
17054
6110
6828
26160
12308
25970
2894
26442
21260
15974
1244
21566
24150
3492
11770
3274
7768
17198
4218
26328
15424
7950
25798
22072
12022
7784
15304
25984
24464
15308
22730
21370
20568
13414
18914
1998
18128
17840
25358
3452
5418
12208
15816
19714
13012
6750
12650
26388
12654
1518
24846
13444
24778
3442
15252
10542
11254
14764
17196
25662
6336
6574
6964
18158
14580
21754
21858
22050
17836
11762
3816
14006
12648
21878
7622
18548
23102
23976
12680
1790
20974
18714
25176
17056
19734
11796
15084
3070
22418
16290
20142
24660
25548
14918
16966
5796
22316
17098
12772
5430
17856
2590
6360
7428
24592
4392
7654
21856
9580
23072
18536
8602
18230
10184
25858
25078
8130
11228
22094
14722
14906
20924
20318
12812
24982
16658
23334
19846
23154
23648
19002
9926
9924
11594
3224
11198
18868
5708
3800
24934
912
16070
13746
15292
1338
15492
22744
23510
19326
12690
23538
15528
7468
24812
25262
11656
4936
10454
21844
18938
10996
22850
10576
21080
2972
700
15374
13042
23034
15350
7656
5334
15284
25412
23906
21606
16626
1746
11348
13282
6184
7558
8930
20194
2526
18048
16018
6564
13800
8214
6194
4198
14606
4544
1910
17904
19676
1618
5758
21380
18498
2916
17494
6850
5220
25976
13582
9470
14522
13870
12938
3446
11810
17998
8312
1898
9954
3810
2538
23826
10892
15120
14590
1104
21622
17786
12956
18312
19056
22118
3762
19104
18096
15386
20524
17490
15758
17770
14546
10254
7360
11722
21462
17502
25740
17528
6888
15524
7972
12714
4332
12838
22736
1046
19568
20372
17844
16048
11902
2260
22230
18134
11802
21580
14726
11400
14254
9104
22208
20644
21576
554
20494
13406
24708
1038
23746
2670
18546
20312
14366
82
4764
26412
20784
21002
16252
8444
25418
26254
4236
20110
4976
21632
1446
12008
22232
200
20854
18840
4666
6756
21348
3964
22772
21608
15480
21004
22682
294
16886
13548
21244
5614
1330
9710
11454
12788
14426
21306
23536
13110
7620
8246
40
9066
8844
3196
24724
24894
18650
10332
15262
10222
7000
24486
2080
6486
7266
17828
2360
6322
18260
23540
10120
5012
10560
22328
15130
17404
1418
7052
130
16372
3418
16556
6844
2756
5998
9172
24796
2048
3732
3412
22070
9648
22742
12686
20432
21558
8996
4458
16024
24048
21414
5110
16674
9372
7544
16256
1266
21966
16128
3974
8668
10320
20242
9762
23316
16524
25918
14188
22508
22014
4914
11040
1668
11616
2462
22504
11662
6906
5128
14384
17972
12218
13140
8916
16834
2224
174
1514
8344
13258
20058
6880
9706
4076
19736
2662
16172
2176
17232
11356
13682
19992
2482
9844
190
26360
14020
10346
14506
11420
750
22078
11412
490
18454
25838
23456
3876
21920
23322
6280
25604
23650
7718
250
9368
20182
16200
19668
3846
21908
25964
20664
17140
19806
9722
9576
2214
4400
24426
22608
23300
21332
24388
1478
11378
22132
5928
3192
2778
9342
7396
11532
23928
13758
5358
558
21764
23878
18670
15812
10104
24524
4172
18426
19586
4600
20636
20500
3052
21048
4150
2142
9200
14672
17792
7962
4868
17466
15110
22624
11070
20876
24832
7740
18398
16038
19656
6258
4262
11486
17582
5266
13630
9630
2706
2038
23470
10410
11580
2454
15902
22678
16262
15632
15862
17952
16030
9792
3154
18978
3268
19978
24232
18496
2628
20610
2530
23024
21312
21220
12042
21496
14804
19138
10570
22650
20064
10116
4598
15808
13328
4224
8394
4862
6190
3402
16590
23468
4410
25172
21650
20310
24174
11408
12776
16082
2252
14870
19198
22966
3502
22552
13256
8654
17650
3194
10186
17246
16410
23340
14084
14776
11972
14042
25174
6860
5672
11016
23532
6002
608
16450
23162
2806
22342
7632
16058
15636
14174
15104
15438
21246
1388
5772
3002
13932
3198
10956
12474
10652
14880
21594
22474
5056
5152
10394
6656
8530
5714
4476
25826
16440
3030
24124
4816
18568
14886
23526
22402
19444
24020
16054
21500
4736
24816
23658
10066
14454
17722
1922
16146
19744
4726
26312
15810
20896
17876
1946
156
5118
25708
20118
14882
7132
17354
11492
19788
11032
1686
15062
25264
5666
15190
24912
5820
25430
18110
6330
10670
16998
9546
13346
19892
4588
4318
12334
18606
20906
1436
19764
8500
5654
9426
21190
22222
4908
1050
19566
21124
19730
13196
24272
7470
15914
23104
17568
14636
9264
10132
17326
6952
13352
10086
8378
4880
7238
10612
1476
9838
22454
18420
19602
20482
326
10264
16216
4732
1616
14126
21130
15618
13882
23756
25280
23668
3862
21506
11816
11448
25854
17606
7030
20932
8854
8024
2368
3054
5068
4428
13790
1858
2958
16464
22366
24700
23400
21598
24948
10854
5086
4034
7252
13302
8318
25448
21974
2556
10080
4470
6528
8098
2688
8160
21638
3162
21498
2878
3600
8888
8958
8972
8826
11244
24138
10388
26104
3210
17600
9712
15124
12406
24624
9214
25820
19376
17392
24506
24398
10608
12878
19686
8928
16606
5140
25508
10522
23088
4114
13568
19384
18356
6370
1530
6148
17720
4238
6350
17780
2212
12990
8762
10488
16982
16860
8852
10906
19544
12086
18080
2258
1260
11690
3012
18456
7598
21860
14516
19626
2648
18252
16978
18464
2100
1118
10228
20240
15910
18352
26282
17444
14040
16500
16186
14446
17162
2406
20176
5700
12362
25552
8398
3016
14842
8622
10336
23564
21872
5612
60
17884
12068
15468
8374
9390
23436
7828
2476
3728
19530
15074
2328
1140
12698
9050
13772
938
5974
14846
19524
1370
6766
22782
4002
12418
7128
26304
7772
15820
25522
14198
16210
13032
8628
1822
270
26398
23190
1348
16182
19120
2650
15230
17428
15542
22922
3512
18502
23116
8490
8948
182
8846
23876
20320
8974
2412
4806
4838
2356
12480
3074
21666
632
1864
15818
19910
2188
4426
14150
14802
7850
20456
8790
20232
25768
5570
15224
13892
15644
16750
13396
2320
5884
4564
23776
4640
70
12178
11976
13194
5322
18482
19028
16056
22154
12954
25188
14762
418
7884
686
21702
12558
23690
13118
13332
21620
13946
24746
25342
18972
4490
2182
7608
22264
10244
24064
14044
11080
9544
8728
4694
12932
11692
8650
8922
6578
20656
25470
12300
19260
24012
15908
14106
23142
1726
25514
3874
12270
23546
9920
20400
21302
18062
4858
18218
11822
9402
8016
10380
23588
26222
21578
20424
13622
9116
5992
18196
7906
444
14994
23780
18360
12078
22056
1236
15234
16466
170
24044
14334
1032
10922
2858
15766
3640
17522
22062
13330
11600
8576
14518
19750
2506
12816
10302
4180
16424
5878
3932
13564
25270
19890
11558
20580
20210
26038
25166
4204
11192
284
18774
3704
6984
17414
13984
19190
3912
24086
1148
670
20712
3458
956
4264
18422
5404
21064
13636
7834
13186
10676
21708
11270
19832
17870
7712
6922
22408
18710
4596
13834
18382
5074
10436
17692
16676
22702
6812
6210
8630
12818
2614
16178
18466
20436
21484
14552
6760
5590
7254
17922
2624
7250
2652
26030
1428
8222
23084
5916
14452
4122
7378
4916
2434
13036
10884
440
13804
12660
23872
958
8406
1836
5082
18738
15128
44
24234
16348
5962
24900
602
20274
24670
4510
2760
3430
18772
16960
11274
13154
17604
464
13398
17128
614
11468
10438
15986
5950
10940
13830
8964
13324
2248
3216
16258
5480
788
23704
14324
16850
12168
5424
8640
6814
3792
21768
24996
6042
1762
16548
23530
17992
5908
3976
8674
9728
15184
13404
23848
16838
25340
6746
1976
292
17148
7724
24930
12840
16138
18012
17236
1172
13390
446
24026
25458
11646
1448
21276
15972
5958
24192
12048
20368
7062
14610
2812
23476
23926
7336
20266
19464
1020
25952
4460
19228
5568
9868
2240
24128
23808
21114
3820
15258
16212
2140
2484
13750
8658
23986
5182
23982
16730
19390
11588
16732
19934
25694
3440
23188
1146
12798
25988
21984
4616
23766
21224
9880
736
24918
25576
19018
7004
10750
20220
3298
230
26190
2068
4706
15006
19038
23146
20304
24406
11058
23850
25122
10024
9964
17812
22870
4364
17046
7154
12832
23152
2564
9860
14800
8464
17744
21466
3202
16870
25006
23094
10528
14808
10358
2394
5844
21678
17550
1694
11756
26354
22630
25518
12414
11804
21876
3072
11584
9340
17456
14464
14212
20398
23696
3478
24090
3926
20080
22110
21550
24838
13016
19062
10990
16616
22112
16522
14274
14626
25274
26040
9388
11290
4796
9848
10700
6162
12542
24382
792
4904
13478
17806
15536
10084
3796
20570
18836
6038
9928
13356
564
5946
23216
8446
4632
7126
10028
18288
15572
6584
18372
13040
17280
7298
8058
224
968
24386
19204
1526
8408
2730
8272
7462
15054
10440
7040
23130
22972
10232
2098
20562
3784
24196
9474
17938
26252
17216
214
8322
7530
18584
11488
2594
14420
17928
17898
16356
3612
25696
4174
22958
23388
20746
18354
17496
7992
22680
15924
4288
24062
1308
22256
22444
15552
24418
25178
14490
11754
14190
6026
2402
15936
11036
19836
22326
20108
19560
15198
24950
26246
16430
24580
25082
21280
20520
6498
6650
22982
19408
1580
12486
2742
15316
21450
18830
24904
19424
690
23622
16274
4280
23022
19812
5242
6782
88
24208
24404
16698
7624
25386
4586
17820
6032
13020
14314
19712
10616
25110
23992
21390
436
25596
9240
23860
11552
9704
26244
21162
14086
24898
1468
3872
4820
3934
15666
25230
10580
5294
9088
16936
4404
2908
16538
10464
7738
22146
12272
23228
10604
15880
23672
3288
5964
13748
5332
24862
1238
22752
10150
4256
19244
25554
9290
17698
18026
26002
17330
8354
24022
24446
7152
10862
1586
24308
15064
26144
6582
15714
16316
25682
13190
4130
19868
838
5444
26334
20698
19856
20408
23108
26386
2642
15730
9442
2334
14486
7806
21954
15168
17628
13056
3866
5848
21994
212
10664
24698
10986
16858
4328
13780
24152
22926
2350
14838
4486
9612
2108
13050
3736
9090
7798
15940
18210
6886
1534
4126
20322
7660
25776
9396
16060
13960
21182
17254
17774
23248
17030
24470
23020
6722
17264
21560
4844
1640
22750
1644
17396
8228
4140
16276
17044
17890
9008
2578
4322
6778
2872
13206
19216
10978
14306
23398
7966
208
24916
2576
22176
1988
13732
19272
6100
14898
7158
13786
11782
1626
5326
8988
10192
12416
4794
19378
24814
5038
7184
24520
18292
23642
25542
19292
20268
13286
14766
17766
9458
23338
11340
12072
22272
15326
16278
14582
4798
3554
13738
21188
26082
8238
1886
14374
5282
20490
25942
24310
5968
144
1708
21482
21688
1996
1326
16174
6222
24356
25936
18618
6382
980
17432
6046
18528
16712
18140
306
8390
12996
11250
21340
11170
18182
9320
11068
9768
13072
19618
2586
11746
11162
25134
4420
10362
11182
19688
17974
16118
684
16576
14782
8580
9044
21272
11768
10624
11906
7672
4984
22492
4710
19132
7822
13838
22904
1608
11180
14970
23494
8356
11414
830
17560
22798
18986
11330
26402
9348
11434
25888
7064
23156
6130
13692
4482
21798
11932
16832
19722
21634
14586
12914
744
8492
2262
9296
16822
24694
23310
9180
4032
14828
10470
20314
5574
20930
11742
12248
21028
13142
8092
9086
24260
14104
2664
11574
19386
19624
15540
1054
21282
23058
3804
3860
24050
18870
10000
8152
23230
7246
16342
25232
21904
9412
5240
8100
3894
856
20612
18488
498
22584
5078
21412
7342
19094
21360
12886
13506
20534
12104
11496
9566
16740
14072
4926
24532
7928
12540
22710
9480
6524
896
15534
2060
4546
5536
21888
19450
14806
24324
11382
3660
7458
18912
14138
3620
20496
26202
24526
7914
15806
17272
8060
14024
3092
4412
20812
4756
9908
19026
7586
24792
18036
24964
3864
8936
20920
18092
23480
6716
26094
16952
19592
16854
1200
9064
1318
3088
16100
11938
256
15404
26348
22828
13816
18520
13606
34
22294
1298
8
1066
626
9132
8240
8496
23506
21748
20848
19194
18626
1324
11214
14292
11892
8456
18982
12448
19448
22364
13430
442
22980
198
5292
25992
22292
4414
1110
9800
12278
2924
6028
15418
13452
25080
24074
23392
16192
15076
2808
21434
4782
14746
15160
9228
21486
21038
15368
14756
24202
9814
23840
17602
16746
2148
25742
5816
24876
18184
21952
126
2330
7222
6522
15218
8652
14284
23586
23246
4050
6432
18570
4104
19850
7338
12682
8970
9366
5156
8858
5250
810
7862
21304
21916
8080
4900
7498
25758
9208
16488
13418
21010
24298
9318
8468
25638
4160
11800
11758
7288
24512
18888
5486
2318
24728
20816
15532
5894
13492
16564
2960
25044
22862
11116
17296
6020
1714
24340
9818
23384
7178
21250
8740
8776
9510
9940
24598
8474
20936
7592
13604
22642
10160
19004
21648
8564
7760
25138
9850
20720
26326
4802
5120
20278
23402
9186
25016
4542
2630
20942
1434
5626
4642
13120
4024
5622
22220
6802
4334
19106
1074
9220
13614
18172
17662
10726
22932
16268
5162
22576
23380
11404
510
3266
4754
16844
19342
11720
14612
2146
16240
7032
23462
25702
22060
8798
21774
8414
7402
12744
20850
17150
16426
23426
7002
9902
14466
16804
11712
13588
4316
6012
15340
884
8208
15152
6544
22572
768
7982
7050
12796
22868
12688
7790
21270
6390
9786
9250
16716
14492
13520
20736
11650
14982
21362
19494
1498
4000
6630
2076
5138
7496
23836
4724
22712
23410
19930
1100
20244
12240
17772
16924
7764
4446
5148
25376
13138
16340
16594
13272
9326
10248
14264
14690
23366
19956
20406
22530
16394
21568
13026
13238
3036
11714
20404
13990
14118
4494
16436
5402
6580
1734
12968
8962
16650
12224
22790
15854
10044
25324
3480
23598
11674
6852
9534
16442
4836
10032
14376
22182
10458
17874
15144
25760
20396
23998
4734
7762
14410
26134
1178
2814
21316
12470
1234
3010
24824
22212
19598
4060
6520
9194
8452
3082
894
16796
5558
26208
16196
20884
22104
11698
3370
10586
158
3702
19976
24046
17782
19828
16162
25152
7584
23864
3694
3040
18434
22084
19754
23004
15694
7812
22160
21992
23444
24162
10130
13420
18224
11230
16582
20326
770
702
8862
5978
9690
8868
5422
12554
22634
1246
10510
16090
5926
22612
20222
9350
8778
12982
20960
18052
8278
18652
1940
5638
7866
7202
4206
10786
23488
8034
20564
2292
11826
23846
2864
3124
19340
7130
8514
3464
4728
4622
1832
12894
22516
2584
12368
22106
1786
23490
16722
18768
18174
5640
2866
12126
8590
18474
5826
2312
1102
16566
12314
19050
7528
16352
12028
23968
23244
11534
14676
454
23150
23254
9718
20130
8594
16392
20598
24542
9744
17228
16602
322
8662
6304
25432
13528
12032
25198
9668
19912
11890
9542
1382
13554
17086
11836
15324
5712
13686
21070
16022
20276
14934
860
26426
4962
9282
12404
816
12738
22262
9878
5160
5050
2180
2432
15990
25674
18450
9826
13384
16586
20648
14784
13052
870
17394
10710
1650
25710
15980
1634
25042
14362
18842
12458
3066
25968
11028
1542
1470
24750
12696
2930
19772
7012
5876
8282
24516
9856
8006
3044
15704
13900
4550
23414
12108
20692
20984
4822
19538
15002
2120
15250
12026
23712
12244
16542
2278
8304
7224
6714
16126
12946
10610
12154
11736
9370
7926
2354
6084
24370
6142
14660
18056
16238
14
7614
5724
3322
1712
24518
10644
14496
11428
16366
14760
2058
14064
10764
1826
19864
2520
3498
1284
19604
5864
19886
6764
19962
19174
5466
5608
12016
13234
11498
19570
5604
19702
25714
8342
9060
23822
16064
10626
14544
23430
492
13820
5348
3712
15202
2160
17646
12708
22216
8546
24762
23070
18704
20160
25896
22672
5722
21652
6546
9012
15376
10566
21684
7668
17362
23784
8678
23580
18334
16094
2950
9476
10274
12828
4232
7140
23890
11410
14342
3780
25524
8216
21696
26290
17210
13382
10088
25126
16346
16652
18930
22662
12740
8488
14864
21718
19642
10678
13544
13108
8248
13198
4846
23348
18042
17250
116
17386
25350
8030
1612
17190
20376
19156
25118
2926
7474
14570
5048
4014
15686
4056
5834
7912
3628
4854
26262
18444
15650
17278
19432
6998
20514
14312
9594
9752
15408
1522
12394
8350
1846
19252
12754
6854
13672
16820
7432
13736
23888
21574
2582
9154
3110
10496
1138
3166
1794
3190
4800
20042
9406
2542
24938
22536
25578
11862
13098
13764
24546
25190
17460
25966
1654
10134
18954
20696
26448
148
16660
20946
14134
16434
25998
5594
19798
1286
6516
3226
6600
8212
14078
14210
8774
478
15840
18566
19482
9056
24304
19804
19410
11178
1892
17808
17764
19218
16632
8442
572
24476
4038
15138
20066
10582
6610
7892
3260
18976
5254
2724
24548
5538
21518
3382
23944
17520
13062
18906
2672
11136
26158
18926
8874
4212
5350
21386
16974
24312
8742
13616
9170
8980
8076
24402
5838
17850
5954
13930
11142
26194
4746
3608
9004
3146
6352
15022
22928
21478
21252
4554
6288
11372
4860
9508
13292
13446
15952
20962
26474
22718
11202
6144
7826
23980
25628
26184
6982
10936
13496
164
19866
4744
9942
15984
10252
12498
16644
3114
23832
8938
25390
4514
24514
24994
2848
2796
19054
11512
11368
1190
20306
1258
25990
5312
5728
740
24850
16350
2372
25384
24616
6316
17310
11866
11298
11456
7794
4864
14696
17762
4054
802
8470
20154
6022
5502
21636
11812
5726
26140
11820
11464
14700
14602
7802
1918
22788
13818
19834
9840
2450
25818
3972
12564
1122
15108
15860
26294
18948
14002
1882
1378
25030
20654
10690
18966
5200
16246
8454
10482
4808
12916
9080
7348
4524
20802
17660
25130
14624
2198
13874
13184
17252
10480
10530
3580
3656
1374
6684
18102
1288
25730
25846
6794
8566
12466
23486
6948
13124
23738
8376
642
19412
23036
14924
7964
4528
1404
23438
7886
3156
574
25634
6780
17448
11494
22330
5116
496
25986
8296
508
20246
4876
24608
1702
17964
20374
8486
2656
4290
11328
10426
4144
2326
16034
2316
24622
