3071
909
4248
6646
8321
5740
2902
1360
2178
4149
6049
1850
3784
4400
6718
6610
6460
6808
8407
6872
746
2140
5081
4198
4071
3762
5334
1206
7258
8194
2594
1873
440
6886
7025
6067
4310
7089
6472
5344
4977
825
110
7572
2296
967
8701
1202
5680
5787
5835
771
4839
7076
3156
8668
4419
1301
4728
521
4472
5440
8317
6748
7123
7298
5823
5690
1664
8609
6304
2336
5427
5978
8163
2131
6565
8691
7280
1130
3230
471
7795
8457
8728
1240
2938
6171
118
5780
4533
1132
4624
1905
502
5051
1086
2398
5452
7115
6591
7248
5963
7896
4762
125
4194
360
2610
7325
7844
2942
5441
7088
554
1558
2117
401
8189
8600
1253
2310
8160
7230
851
2611
6747
5078
5521
5140
3538
2677
1526
389
1661
5486
3213
2472
7482
2485
4358
7003
3252
4219
3385
8859
3111
7426
7595
1139
2346
3810
8642
6090
6466
3567
2049
1490
8252
3883
7401
8777
8156
5433
1566
5146
8403
5866
2041
4132
8134
7862
1584
4193
2337
5556
6200
5035
6665
7469
6661
5223
3215
3036
5982
464
5275
7878
2283
2842
2149
6818
1223
1956
3835
1920
3903
8563
569
7650
4124
5472
8658
7477
4811
5281
4368
3763
5390
933
3130
7532
5860
990
5438
3178
6410
890
1055
8176
8308
8736
109
5240
5960
1389
7408
5728
2182
3339
3606
1469
7861
1016
5901
5167
2639
4017
6851
3764
260
4696
616
6222
4573
3012
6483
8152
8768
4233
1110
7084
8185
7730
8069
5545
6833
358
8056
1841
879
8310
197
1357
3289
2121
1321
6848
7940
4288
6185
3794
8015
3168
5204
7846
5535
154
3039
4298
4522
6414
7357
7699
3554
3673
1083
6335
1216
8669
8034
3536
7521
6676
193
3361
2325
8480
8672
7529
1746
7080
8763
2404
2384
6907
6150
8430
8465
4537
2000
7698
5899
1159
2010
250
8107
3158
7492
5231
985
6894
5040
496
6062
1395
804
8059
4038
4655
766
4389
7317
4697
4289
8697
3161
1508
1648
4048
7757
4395
1984
3262
5258
3825
5565
5084
2863
4226
4593
8916
5305
2146
6842
3637
4945
6258
1547
3636
5599
6006
3104
3838
2122
6108
4100
4399
8358
1260
7183
6992
1376
5008
8414
8569
843
6504
2026
1909
6578
2736
2079
2534
8051
607
431
252
8195
3783
712
1571
6141
1544
2712
6570
803
8516
981
6390
5314
4360
8196
1264
4008
7261
7729
6624
2333
3048
8531
4409
4992
5335
5687
1595
388
8388
5299
364
1274
7433
7892
3437
7600
7671
3433
7986
4783
3274
5909
459
6247
5292
3401
8772
7238
6124
1156
2080
5307
4917
4614
404
7268
8640
2625
7847
6175
6619
3625
8625
1013
123
1708
2089
552
7984
3710
7512
8607
4919
5394
1514
3840
4163
5287
7059
4131
4205
2574
3716
2435
7348
81
408
1483
4786
6898
1776
2355
2577
6399
2056
4748
5940
2381
1543
1405
5497
7831
6832
1950
7344
5815
5271
3472
121
4210
2667
8936
4640
5986
8863
8204
2099
6277
4129
1772
2864
8476
7877
1977
6391
475
4343
1332
3877
7573
4217
2524
1536
4958
925
2556
5121
3836
2037
973
7253
6524
1667
4645
8095
6793
7288
8811
6347
8440
4348
1768
8511
2163
3593
1943
7195
8840
5801
5453
6043
5398
6202
1434
8448
8092
2551
660
6147
1079
8466
7460
2557
1582
6491
875
6485
5355
1847
896
7641
5478
8599
1246
356
6682
1754
4246
5052
2360
7285
368
3099
2871
3211
3844
3768
7295
6518
1338
4934
4350
1094
2091
3142
3364
1501
4627
2377
3140
2016
4985
5900
1597
5289
6704
5675
5554
806
97
3108
2483
1944
5660
6509
7567
5762
6697
5771
2977
8892
8365
1625
2470
5337
5777
1242
3075
7791
2045
2447
2420
8585
3179
3199
3313
2481
8558
2759
6293
8823
4812
1794
5742
1449
6919
3711
2230
5382
2419
6228
8950
1093
8825
1311
5127
2219
1948
4355
2097
2875
6266
3556
6651
773
5485
725
6954
1569
5834
5264
1583
603
6998
659
2930
2699
3444
3869
1155
6354
7863
1844
4589
6960
3314
8238
3243
3495
6148
2554
8223
5028
407
674
5631
7440
847
1089
8446
4903
8939
3792
8326
7028
5952
7762
7646
4618
2765
1116
1570
4494
1486
3316
8231
7819
685
2954
2378
7786
1636
6030
1307
7755
7305
2118
207
2187
895
61
8827
4873
2201
4595
4065
966
6530
3464
8796
2158
4860
3889
247
3917
7615
6755
8348
71
579
3971
4385
7866
690
7770
105
3460
8164
7726
3928
3512
1740
3847
4565
73
5316
8469
3436
7801
4039
8461
2691
1103
5243
7497
4082
3185
7700
7356
6601
4259
5106
64
5303
2391
2682
2012
6221
7842
4515
8415
3025
5677
2189
1890
7516
7836
8228
3521
7170
1535
3152
5637
6888
6963
6449
7155
5703
1563
165
1267
3513
439
8081
7360
3657
3136
7135
3988
8280
1996
3265
526
6592
2317
5500
8500
4554
5518
7752
8630
7251
1062
1937
749
2968
6582
7840
4915
8330
6128
4376
5384
3357
5886
6299
3474
987
5710
4570
957
2939
901
1694
856
6086
3772
4498
1655
4467
7087
6944
6750
4510
2568
7161
0
8722
6409
7604
3607
7763
6177
3337
7898
3052
8841
8654
6539
4393
365
6803
5772
4982
7638
628
6388
3864
6437
7435
6553
6768
1129
5378
8501
2139
1050
5873
8720
6245
1894
2432
1362
8112
4555
4271
1343
6715
7441
1816
316
8881
2393
5561
7447
5892
7952
4923
1453
5348
5773
6972
3936
3333
8065
511
4254
3687
932
8325
6446
6731
7895
1998
1408
257
3605
5745
2792
2887
2823
8659
683
1591
6645
8486
2302
8256
711
7759
4056
1439
7470
657
1289
5417
6997
1993
8046
4664
954
5976
8433
2060
7169
1980
1872
6912
4220
6404
7951
7022
8392
8597
7051
1548
7434
7264
6900
2914
1497
6216
4098
4957
7503
656
7354
2257
8344
7557
8031
6743
2487
5595
7946
1643
7869
8737
872
649
8023
1104
4142
1070
8438
2184
1485
7267
7553
1278
6995
3715
1333
4211
120
7568
5971
8450
4652
6392
8357
6240
6227
2922
1112
7793
6694
2817
3734
791
8726
8843
4019
5221
59
5818
3298
589
1341
3621
864
5493
7767
4927
5219
3434
3726
6901
3047
2739
8342
5232
6455
6626
7579
2648
7361
83
4616
330
4321
6952
7313
1681
1751
5752
5809
525
6942
1807
8381
6464
50
290
7171
5262
2545
7675
7181
8125
6714
4176
2320
152
4085
1762
5340
7872
6552
8949
5295
2096
58
8802
2523
6804
2539
2696
3257
7498
223
6078
8528
8830
5068
3183
6854
2892
2278
1530
7982
5496
8221
7250
5443
145
8690
6733
6635
2565
402
7488
4947
7732
5923
702
8354
3360
3468
2443
1798
6825
4091
6844
3042
5938
2508
8783
111
5158
2119
8491
3828
7833
5047
6933
3821
3448
4754
666
2390
1477
5399
4526
1097
619
7032
6146
5416
3236
2066
3150
8893
3166
42
3582
4003
3757
1743
5662
4022
868
1927
5921
225
2437
3128
6174
2510
7739
6836
2619
3162
8110
3509
8793
3396
2231
1460
524
4660
1077
7033
6276
3453
4518
6021
6620
7112
4767
6430
2935
1644
731
4241
3494
318
2040
131
5083
5957
1630
7017
7374
1780
7496
7534
2065
2622
8473
5489
7233
5014
6706
8555
8589
5871
5751
2503
2560
333
2907
2906
7142
5625
3519
8696
4613
2154
4940
6796
3650
2299
2701
5056
3575
4617
5409
3398
571
8628
437
2331
3691
5965
2406
2715
5380
8929
748
2274
3833
8396
7733
7724
1364
6065
4442
1853
542
8557
5757
8729
2583
6465
4173
2073
6650
2777
5100
339
1212
2725
1451
7098
2482
7351
6630
4033
2194
6440
7692
7989
2314
4760
1429
1005
3329
5207
2685
1804
3961
4816
4402
7107
1509
6201
3767
975
2849
4430
2866
6199
7391
8329
8319
6517
993
3974
797
2455
8186
548
7678
4206
1391
7346
4546
3892
568
5550
6273
1368
1573
6329
4213
6680
6309
5618
7854
2996
5043
3176
1009
6788
7091
7533
8746
4418
8401
3700
86
3975
2618
19
5222
4068
673
3119
6666
5811
939
7629
5290
6178
6984
3750
8608
7106
1651
835
7926
49
1059
5104
6824
5346
2889
1443
6346
5988
3659
8460
2496
151
3644
7508
8004
780
2912
3218
5471
5612
3913
6739
1775
1475
5075
4251
3827
1701
6359
2448
8266
8079
2983
926
2330
7015
5738
3966
3240
7798
735
6585
8809
576
1900
5739
4269
4634
8020
5515
4604
1801
5465
269
6683
1846
2129
1354
5594
2733
6040
5833
2633
8099
732
2666
3475
1512
8684
6741
6176
2755
8077
2756
7459
2894
6051
1494
4698
3440
7243
2893
8833
3514
396
46
2642
6760
6977
8721
3489
3815
6593
1893
3141
7957
5277
1985
5927
6764
8819
1380
5400
4152
57
3479
3279
8018
1506
8309
1791
6729
1725
4309
8241
6036
8016
2549
2349
3594
6005
3958
6428
1656
8455
3729
8179
2934
2218
7445
3540
1666
3537
4918
6182
494
2342
5598
7980
5681
3793
934
1965
955
8865
1659
7527
2989
2462
1880
6451
1614
2438
7036
457
7316
4646
3343
6422
6575
7006
4571
830
4723
1982
6035
587
2036
6721
6360
2003
1192
6499
4820
2272
4905
8067
2971
4095
2250
1921
1295
3496
379
3134
675
3164
1019
7848
7890
2910
1561
2703
5194
5531
5284
3776
3781
523
4148
1882
238
2469
510
468
6820
6973
5954
3851
1609
1700
1863
346
5720
3084
2608
1572
5024
3135
4238
2490
8184
4396
6722
3086
5776
8148
3845
4852
1865
4356
3632
2380
5929
113
1528
947
4966
4702
5342
5908
7647
2876
6097
1692
6229
140
7588
6429
8284
4734
8838
5509
4028
1121
8094
80
3070
2162
5339
8741
8210
8072
581
4208
1677
7394
8220
8242
513
5719
863
5180
6711
8383
4312
2882
1928
3696
5767
2263
2965
1577
6564
7648
40
5768
1710
3831
2794
2623
2297
3587
6852
2086
7158
6668
2796
7275
7564
3456
6508
208
8459
1699
2458
8170
4972
5522
7070
3177
286
3405
2374
4405
6213
6452
7204
4392
5363
3105
3699
3053
3008
436
1149
1601
6724
6597
1314
1142
7222
8587
5148
8290
5678
5199
3484
2532
3908
7119
3206
5573
8035
8318
7524
5074
1054
3220
8251
7085
5555
378
4763
6913
382
2492
7959
1388
323
3571
3890
1966
4837
3799
3261
5857
6987
6093
530
6734
2923
6417
1783
5883
818
4270
1562
4961
1839
6326
3520
1095
6914
1123
2877
299
4969
1229
2843
5402
8409
6550
7547
7507
2533
3009
5365
5298
3465
4781
5015
5215
4005
6173
4024
2266
5570
8154
5524
4384
5434
1552
4157
4891
2282
6125
1624
4695
96
7640
5910
7206
3426
4865
8413
2778
7353
4777
7697
2903
701
5149
3814
7008
669
7909
563
8908
472
8343
5887
4058
6762
1406
3824
205
8734
3069
2655
265
4955
1879
3077
823
8391
7302
3987
2650
2418
7824
3578
1204
8662
3616
837
3855
2698
2294
2747
6045
5445
2370
7301
1820
1310
476
6448
8115
7607
8397
8674
8395
7279
7272
7281
3449
1621
3427
4894
7556
6198
2724
5054
2180
2991
7933
4566
5273
621
1432
7574
7918
4517
4372
3516
1959
4647
4561
8955
1048
7992
7164
8373
6634
6234
6112
1925
8296
7796
8681
7129
3662
6032
8928
7491
1020
2908
4250
741
8062
4449
3638
3997
1160
8872
355
2727
7254
6672
2732
678
2183
6324
4898
1279
8218
4041
8090
60
8089
5117
7805
6166
6118
7133
6254
7937
937
8910
4403
3334
311
6603
7811
8675
2090
2662
399
1273
4451
4491
2063
1492
4379
2434
7539
3843
8042
135
211
7472
5142
2232
960
5432
8539
146
8678
410
2591
8514
8328
319
8008
5542
1744
4116
3239
3010
2204
4788
4592
6156
1471
2828
6453
2290
5930
4335
5568
4509
4187
3583
8076
7315
7875
4013
7899
3027
8198
1450
1931
7881
6319
979
2692
1330
8372
7012
3402
7806
4461
2927
805
4422
3867
558
2209
1487
4373
5879
278
4295
1151
6219
6970
4666
5630
7255
8149
5604
8932
3766
5699
3407
3091
7369
6011
8206
8570
4070
3328
7841
6019
3290
6885
5543
4007
3897
8441
8121
3371
7156
2678
6303
376
5487
4601
8468
486
6338
4032
7071
2590
1241
3253
3572
6149
6444
281
6362
1881
6323
6197
5944
2176
7978
4821
3227
1205
5744
2686
6207
2895
5385
6315
1786
8931
4678
2233
1014
507
3596
1191
5794
2752
310
2528
5924
4884
3186
8009
8758
4553
6611
495
3237
7150
4599
6161
812
4964
4842
5874
1522
3438
4714
6187
8873
5544
8127
7422
726
6386
8687
7121
6853
4489
3820
4030
7199
6072
8957
7211
2315
5977
8165
5139
4633
213
1136
5803
7618
7228
5110
6708
6188
8171
716
5286
5387
7035
6369
5282
4686
8619
2974
8389
4743
7399
2781
2008
4203
497
4078
2137
4924
1669
6092
8724
8582
1378
2605
3410
764
989
3880
5715
7186
8849
8814
5994
3931
5851
767
3272
1646
984
2518
1886
5619
1703
3746
7154
6048
5291
2112
1272
1349
2576
6312
6857
7612
1299
335
5791
3701
4801
1315
65
2966
8789
3026
5336
6938
7853
533
7205
4454
8447
6930
5184
91
2107
622
6355
5646
4280
5685
6269
6250
6922
952
4562
4531
4159
6053
3830
5684
8003
8442
7599
5226
4683
680
7009
1035
505
3062
3
4093
4790
6770
3323
4500
6557
1857
4857
4178
5132
7642
858
3445
1
2415
1949
3561
5601
2002
4711
5333
3011
800
1933
2277
8492
7712
549
5391
541
1011
8439
2660
453
1618
1889
4357
5211
5120
2637
1837
7383
8959
5499
8273
4996
3797
6862
706
7463
3717
2077
4316
949
7239
4578
4833
2809
6350
4127
4771
784
8496
3458
4880
1724
8834
6662
821
5949
8058
8708
4275
1442
212
3085
4197
7645
2359
2553
2760
5548
166
8828
2631
7794
5174
5224
2713
375
6639
3088
8130
880
391
1940
7713
1914
3849
6640
4108
7748
5714
4766
6393
6916
7509
127
6754
5842
3217
4855
1589
1829
594
5343
4465
8370
4715
841
7260
370
757
1706
6700
7665
2764
7605
6356
1898
787
8297
6226
6850
3798
470
905
4339
1979
2392
5332
3752
5825
2578
6133
8472
6348
7922
6873
8490
7917
3336
5420
6268
7967
5077
4557
2956
4218
8489
8190
2504
1828
6774
924
405
4567
2348
2806
6679
1375
7983
3138
5966
6967
1167
1861
5483
1712
305
7034
1554
4413
2322
7018
5371
6252
7319
4444
2192
3486
6821
3189
5683
4986
4147
2865
3563
4199
6167
1017
2011
8157
2676
7690
2695
1233
5824
1838
7294
66
6419
7371
5696
3665
4421
1934
5934
3055
3125
7352
95
2347
8239
1707
602
7219
2177
4060
5288
5915
4648
3491
5302
72
2160
8449
1491
6316
2558
5810
6696
7256
7117
6880
4780
6129
2371
2311
6931
1179
3809
4171
608
8298
7606
2645
5464
4050
3955
5481
5992
5935
6763
7421
8197
47
2530
5196
1686
3736
4973
1867
8812
5552
4810
8860
4935
5130
7474
8483
5663
3982
8615
4577
6686
7388
6615
8698
8334
6890
6698
5246
1496
8064
756
647
1049
5816
221
4971
6536
638
916
930
1365
1288
7812
7820
1183
4564
1822
1199
7668
8870
106
1025
6693
2082
6052
2125
7126
4636
8855
634
2400
682
5153
8356
5814
1502
1693
793
6736
2837
919
5727
6631
217
7710
7670
7775
6260
7163
6037
605
1869
5099
5206
2431
4737
4192
5919
1864
1534
8300
1060
3299
7944
6773
1029
4363
4122
8151
2318
2997
2793
8390
7449
8580
5788
785
5189
1735
4466
1177
8271
7396
8641
1390
8904
7633
1076
5456
10
3930
2878
7392
3891
971
4710
8591
2644
6492
945
3250
7430
7774
1433
8467
1679
2225
6137
2186
5147
4809
3950
7339
6983
3097
8128
7540
2376
7137
8014
5761
6660
7368
2988
3926
7851
1024
8345
2425
491
4177
7815
1447
7708
2509
357
112
6587
8832
7395
3063
6767
7072
5856
6950
22
4563
6302
5589
7639
3952
6725
8543
3906
4485
4168
5837
8033
432
6945
6567
3898
1347
8551
7400
5839
6751
4909
5638
7067
2173
2217
1087
641
6647
3004
134
5128
8085
8822
7364
6432
5968
7078
7627
1714
173
1737
202
8367
3431
7636
8312
2022
4023
2826
632
7274
4234
1107
7479
2899
2463
8364
3837
481
1779
5254
2429
2339
6936
4853
8927
910
6056
7518
2038
2916
6236
6473
7057
5294
5795
2840
7160
959
2604
307
5446
5730
8494
6343
6864
6331
4493
4868
1721
1249
8715
3954
6068
309
458
1198
1727
8627
3182
7834
7029
5513
2643
1071
4854
5239
3180
6476
8384
7864
2814
349
961
7907
536
295
7667
1971
5993
2822
7252
2870
7373
6892
1318
3721
4912
4044
2397
2356
4161
5193
6458
8878
6408
5632
8174
3051
6017
1220
2783
5784
2445
8723
6004
7821
7561
6701
3663
1455
8055
4928
4186
4201
709
4929
2295
5648
4902
2055
240
6179
3284
2396
3024
8443
6949
2969
6986
3200
6261
8912
8019
7695
8410
2245
6094
4128
2946
48
8147
8302
1226
3656
3233
7184
8269
2353
367
7343
8205
6669
8693
6484
2087
5889
2321
451
1222
5419
6123
214
688
7749
271
2021
7744
6515
2051
3985
3123
2925
2015
7965
504
5796
30
1594
6531
4367
5190
4088
8876
4111
4736
53
3901
5778
7442
6028
5672
790
668
8527
4831
2285
3858
1555
1346
2439
5622
5049
1037
7827
7970
6206
7776
8187
3948
484
4658
7525
4235
7703
2847
7551
5782
51
6160
7753
2216
7390
4490
4643
4420
3331
395
8068
1366
8368
6253
4120
7282
4313
4414
8775
2862
215
2417
1386
159
4329
4214
1580
6251
5475
724
788
4718
3014
5436
341
4417
4680
5587
5659
2206
1923
8649
1481
8575
8900
4138
6514
5023
1217
179
6454
8282
3719
4585
6921
1961
8215
2607
640
1161
2737
4221
328
831
6881
2394
4657
5012
4179
7054
8565
2286
6807
2143
2052
3300
2800
8951
2475
7808
5533
5166
3754
6974
6920
4671
1603
3706
1114
393
1795
3788
3964
4675
7958
3238
5903
2743
4354
2062
4381
7453
3994
5845
4274
7619
5279
2994
4943
1118
8631
6424
8285
4081
2592
5793
4243
87
3803
8497
5503
5756
1207
3248
2511
2024
1771
3629
3573
3970
5645
8700
5341
8432
5368
8093
6084
3377
691
2501
3310
4136
1371
1296
4336
6709
3646
5266
8306
6895
7734
6008
3558
2964
2191
1991
6288
185
1649
845
6136
7765
3524
6899
7883
5157
809
7644
2731
8868
3276
1319
3859
4896
2402
6628
1911
4236
8374
216
2753
2562
565
3078
5134
7672
3455
8338
8816
1941
2388
4579
2307
1777
6426
5039
5270
676
7537
8113
2668
1258
7266
1413
2169
8155
630
894
4889
7858
3326
1632
2028
6220
7321
7659
3394
7581
1590
7925
1963
7425
578
6286
1137
6685
5009
7190
6427
3795
8513
883
3712
7110
2544
1773
7407
3879
6474
236
6122
4434
4432
1600
331
708
2986
4090
2638
6121
5746
5468
4407
592
7329
1702
7428
5395
5514
492
2981
7242
2255
972
807
4981
1877
4446
1785
7375
7813
1851
133
6050
2987
982
3688
2746
2779
3704
6307
8270
5113
8182
2694
1899
8761
4265
1726
617
3698
4547
8052
8339
670
1836
5691
8048
6163
8211
8349
1372
7489
187
7417
3956
8676
3187
1254
8380
4411
3184
5242
7001
1593
2951
7040
5863
4550
4351
162
3347
2493
912
3413
5213
6956
7411
1352
3905
3221
3017
5437
8739
3639
3149
3498
5907
8255
4665
583
8706
2810
8725
7769
2241
354
547
7531
794
3631
8454
1596
6957
7823
2795
6102
4224
5540
6703
6870
7997
7676
719
7050
5844
6382
7589
8536
5458
235
7800
1285
3076
935
1120
2775
429
3676
6212
8759
267
6231
3181
3990
7985
615
3623
1034
5030
284
3160
5474
8848
1117
655
3502
2019
7921
2088
4772
1080
1988
2103
4787
3945
7101
4483
5583
5
5108
1539
4746
2293
149
3633
6572
340
8124
3370
5383
287
3000
3823
2258
6737
672
5962
8111
2614
6301
253
2138
77
6103
2399
2570
1340
3751
994
6843
1663
6657
1426
5354
7473
2185
5062
838
2474
4545
1551
4204
8623
4704
3562
7839
7673
2673
6120
1297
595
5048
8041
7455
8918
4231
5372
2267
2647
4699
5731
3349
6735
8177
2279
3452
7976
5942
4440
1446
8038
929
4822
7114
3059
1748
6215
5322
1523
4798
1379
4037
8515
7338
1969
5567
2845
5674
1476
4155
4523
8938
914
7716
8633
2600
2259
4654
6064
5894
5770
2334
158
6999
2904
2761
7513
4401
2587
648
4468
1465
5872
1741
8193
7427
2009
1585
5607
3732
1765
3477
7816
5713
6985
303
7756
759
8760
918
3804
6845
5325
4792
7165
4716
1197
6406
962
6363
5490
817
441
1599
4505
7004
5807
2858
3127
7501
1436
4035
1612
6934
8888
3409
8705
5912
1145
8798
2697
7149
2537
5579
8202
4850
2133
3439
274
6648
3225
5300
8867
612
4482
6456
3790
8040
2115
2980
3317
2309
6658
5236
2891
3131
4027
5734
4727
4397
2144
1255
7240
8716
8070
4606
2364
927
3595
898
8037
4804
3263
7444
991
5585
6341
4443
2883
41
2478
4893
424
5451
5253
2770
2762
8030
1291
7870
5578
3992
8652
8169
742
545
7210
3723
1567
7664
4174
7725
2240
3120
6959
2265
4967
8352
6905
3649
1729
6497
5214
8263
487
6856
995
8572
1237
2571
4110
7993
3517
2853
5750
4991
8355
1181
4169
3937
5426
2801
2874
8567
6157
5635
6366
7550
6561
8386
8562
3935
469
2941
2329
6321
1306
3065
6976
7019
781
8610
8922
1251
5864
4591
2884
433
5673
997
8952
7565
29
2857
921
580
7194
418
7893
1047
70
3612
8122
2955
1565
4291
3249
5491
7558
7686
512
6546
534
2132
8083
8797
5933
8022
5558
8571
6861
5562
101
6233
12
1373
4691
2507
4253
5055
1533
8481
5692
5495
1639
3324
1821
3255
38
5404
171
3153
7485
3777
242
5608
2190
8632
3564
931
6962
1381
7074
8745
1092
499
1538
3679
4867
7318
6488
2227
2626
832
5664
6271
28
1303
855
5209
2831
25
1716
4345
5914
3231
1831
3381
1393
1854
5716
6470
5360
164
6439
5031
3129
3307
2004
3395
8581
4813
3260
7241
2603
3651
2446
5571
8412
1403
1792
3904
6982
3643
5145
1270
7431
3066
6799
6477
2749
3368
3400
6908
7187
4828
4994
5154
7182
5708
8596
5955
6629
3258
7679
795
792
6579
1842
3102
7093
7691
7177
8230
1474
8593
2541
564
752
4685
4055
5626
6478
3428
210
4123
6618
5733
5033
819
1225
1901
8595
5115
3126
6248
1478
5865
6710
3733
8554
7413
5647
7429
2489
2773
3678
1622
3172
6374
7379
1002
5819
6720
1342
6235
7621
3285
6542
6996
8378
3391
4130
6559
7483
928
2851
5765
5972
4387
6218
4064
4872
740
8713
1936
7465
1715
1224
1840
4175
1462
814
5401
6867
5004
8029
3351
6445
922
7637
4983
8665
5237
4188
5669
6534
7706
1815
2421
3497
1250
241
7814
7214
7259
2885
6000
600
3254
8820
6765
2123
3103
8510
4603
3101
7049
5016
4778
1907
1832
8770
2656
5753
5403
2807
3839
5319
999
1402
5997
3350
3198
4793
7300
1888
738
4944
3469
5269
4626
6882
6336
6616
5609
4930
4688
1146
2856
8774
5829
1414
3174
6911
3527
296
7523
3693
601
4308
886
2978
2281
658
8299
7914
4160
2200
4887
8683
6932
2
5868
8709
736
2718
1331
8479
4172
597
4508
3978
8656
2114
8123
758
7331
6826
7879
5229
3485
6493
2006
4225
5937
353
6625
5964
5328
1957
8532
4009
444
6027
2945
498
361
3529
3224
3165
7140
7874
4620
4457
7419
7023
2575
4501
4474
8264
1916
8545
2684
5804
55
6184
2525
4040
733
4612
142
294
529
5439
5350
2768
4701
5086
1088
7908
8579
2284
5945
539
3609
6394
1387
8294
4938
6545
1033
6116
5408
4143
8136
8764
6667
6541
8909
2671
7412
7971
1932
8877
2476
777
2785
6830
813
6380
1739
5331
2389
8166
2599
2141
6333
5369
734
306
8655
4281
5094
8529
7928
6583
6423
8109
2291
4741
6859
4953
5582
8434
8523
3114
5205
3630
1808
178
3318
7226
3910
540
4848
7209
7414
148
4725
2803
5162
8305
8427
6168
7927
6489
168
4010
3196
2846
6782
8882
1507
5278
7580
6699
8634
4438
1231
4249
7598
3666
7583
8943
6421
7962
1292
4320
1516
5044
4724
6556
5367
1169
7920
7960
8712
983
1370
4470
1154
2276
4059
2984
1187
3072
351
2047
5711
5951
2053
7768
160
2829
4836
7810
3463
776
5461
2799
5141
6115
1654
3680
4516
7212
119
3235
7095
3167
4719
2268
6087
1422
3522
3320
653
3074
8804
2457
878
7945
6594
5064
833
7649
2104
8621
6071
6858
2825
7224
5114
6797
6104
3984
4684
3035
4242
4323
3416
1908
2207
2838
6596
679
8229
8234
8462
6057
1030
2516
8886
1810
7207
2669
3924
1099
1308
5747
8901
1578
5983
5186
6379
7651
7666
5187
1958
8146
5361
1261
613
2108
7291
4791
8260
1498
907
8944
7689
6434
7132
8505
6162
829
1586
4751
3268
2839
6225
2506
2441
7745
3116
2120
3957
6256
1336
8694
5138
557
230
6571
3197
3801
1817
2632
1683
1247
2993
7436
3873
8740
1623
4911
6151
6692
2341
4668
2239
4535
2582
7577
4749
350
7179
7782
7723
8428
6438
681
2226
7013
255
7585
7060
8098
6574
1418
1157
5881
188
695
4869
2748
7328
8341
2413
3861
950
3534
5925
4936
6769
747
8289
5605
8181
460
5428
5870
8509
661
2536
5950
867
4722
6613
8852
870
3530
1774
7628
4674
4999
3619
4369
4004
5855
3139
721
5652
5580
6262
5718
3291
1467
263
4230
2452
4838
4689
2970
2035
5410
5185
7079
8119
5389
8933
1457
7046
4423
5875
366
8773
4252
7077
3850
4002
737
5435
5998
8139
3588
5961
5836
3806
8283
430
4054
7994
2663
1350
1276
3418
383
8408
5859
4941
7592
944
7657
6540
2719
24
1574
3730
6403
1974
3454
425
6723
1361
4960
770
4651
8100
964
461
4140
5001
1148
1377
6138
7797
544
2092
2830
2444
7376
1456
2289
3822
7235
503
5045
8742
604
4588
6600
6085
7048
4293
2156
5627
1115
6965
5304
5764
8431
1359
8702
6883
2433
5644
3589
2550
7919
4552
163
5559
7324
6127
8688
4829
2515
6795
8142
5507
5203
8411
1482
23
8208
2926
1809
8930
5195
6903
3953
1929
6758
6095
3539
6342
1431
1876
6077
2298
2332
5973
5379
4391
493
969
8240
8749
7293
1626
1045
8799
783
5000
1756
6742
4200
3266
3073
3470
8167
3818
6059
3672
7249
3525
6183
3478
5057
6902
8754
1930
7545
1680
7456
7682
6279
8087
412
1238
6869
852
6775
3705
3144
329
4425
3626
4297
2774
4747
3023
2084
7303
7817
3886
6291
244
8730
2127
4779
3741
1803
144
7718
550
7852
915
8794
5529
8261
2195
3739
6878
2872
141
5411
729
3356
3379
1728
6459
3482
8114
8066
7405
3507
8416
5706
3209
4232
3553
8487
5613
7145
2039
258
8947
4543
6230
4404
190
5519
2167
5476
2273
7000
18
6165
4876
8584
3155
2815
3446
6834
8614
5981
1717
8101
4965
8451
4942
3280
4141
5065
2854
4863
3420
6020
6088
3998
1990
2238
1382
338
227
277
7461
176
1678
7610
1082
1027
6487
8088
857
1334
8808
8247
6759
3372
7494
3611
1868
8629
6385
1091
8902
2303
1653
1271
8637
374
610
275
4
7323
8096
2836
1078
2816
2059
2111
7452
2142
6471
3450
3550
8188
2253
698
8304
4580
7312
6717
5095
1954
1670
2649
6904
7505
2116
6241
6584
3354
7468
1015
1695
7575
7515
4283
8254
6789
1848
7608
6588
5459
528
8920
1325
900
902
8787
3423
7603
6838
3973
4951
6623
1970
1579
1039
8225
7198
6829
3896
3653
1404
7178
8622
2134
2165
4462
3602
1955
1540
6732
7086
7868
6479
5175
874
5320
7111
772
5610
7662
8376
596
2915
4479
1430
7471
8175
7446
4311
7974
1635
7437
8871
8601
4544
4586
5151
7789
5063
3999
5397
4105
8453
3842
5170
1166
5448
4656
7930
7031
7871
2720
663
5249
2791
1458
1085
301
1675
3518
8425
7680
4653
828
2601
4338
7955
7711
8183
4066
4818
4043
623
2179
7923
684
452
5181
1335
1709
8482
6131
2729
4895
2375
4846
6134
8222
5392
3109
5358
3620
7097
8199
5858
298
8792
3853
2197
6337
3709
8429
2494
2640
7766
4263
7349
8331
6612
8744
1173
3761
1417
2078
5946
5590
3604
6632
6753
2168
5850
1672
1252
779
6327
7141
5090
4673
6523
4988
3429
5317
5676
1470
5904
5546
6420
8818
2918
2020
2326
2498
7717
8673
4322
7916
8594
327
7688
3779
6110
3969
5197
8577
7451
1196
8781
381
3043
3321
2881
4707
7735
4619
3702
463
5351
4933
304
5152
7030
6927
1917
33
489
1423
1556
5661
4146
4072
8226
7162
209
6170
3918
4916
3675
1445
3278
1767
2271
7273
2740
4287
567
1866
6126
1239
7196
2595
2064
7213
920
4642
4375
4057
2635
5413
4408
715
5748
6978
692
1153
6205
2101
5112
6044
8044
2023
4182
8400
5615
4832
400
635
3742
2758
2287
7738
8648
5525
8874
5694
5704
4807
8346
3173
4181
1248
4963
2484
184
3493
1448
3745
6142
1484
7073
8207
5586
1896
3655
2566
3481
3270
7221
1243
7719
2222
6401
75
3061
5537
6655
7347
5838
5233
8549
8646
5721
4497
1505
1607
5352
420
3613
8235
1676
8805
8845
6297
1073
1171
3203
8027
7053
1757
723
1904
7828
6783
5918
5202
1760
5658
2440
3581
7578
78
6083
1235
3744
7587
1788
5494
7826
1489
5792
2833
3791
2468
1938
7108
1662
6791
7493
7999
5080
5423
4333
6113
5581
6865
6521
7039
273
8277
5460
6555
686
6144
3271
206
1616
1185
6975
2031
1806
1164
1012
3303
5479
5917
6139
116
5163
1074
4349
4739
2306
8682
5356
8385
7393
562
1874
5700
26
4247
196
4511
8657
5010
7490
2646
2985
2211
4304
1532
3580
2657
8001
6351
6643
1843
799
380
6372
1673
8475
6031
3868
4590
7860
293
3067
2688
8889
5826
4583
4047
1305
2896
1218
2372
4709
8807
2196
5125
3380
7903
385
1182
8422
4764
7911
2512
8436
7002
3941
5473
1215
5749
3058
4388
3244
4456
226
573
2680
4046
5038
8168
8366
4845
710
4975
4276
7439
5268
15
4808
6884
7635
8647
3565
4448
1824
7761
1221
6961
5620
2074
2811
3590
2242
6106
4560
556
5843
1178
2427
1698
3683
348
4761
2343
1032
153
6223
5457
1392
986
5454
2804
5388
6080
137
5936
2521
6512
7208
6038
5217
8732
4888
5477
4228
509
3983
7495
2890
7118
84
6562
1926
6811
7326
4237
3157
4315
4814
6812
7092
1126
3132
3451
3919
4223
6608
2636
8790
3848
717
2653
4366
2110
854
251
6237
1023
7728
590
516
7746
2223
4862
1915
4974
8382
2702
7684
2161
8060
6948
6633
1195
6267
237
3708
5705
8005
1835
7188
4076
3585
762
3591
1720
2596
8217
337
4207
8243
696
4097
3412
5164
826
3785
560
1947
6313
2960
3813
3345
627
7166
1631
4036
6066
6532
1262
4990
5011
31
859
4757
8418
2888
7189
8293
2235
2690
8363
8803
7543
2500
3461
4158
7929
5370
6614
1064
7526
5488
8815
3288
4382
2338
8858
904
2465
7902
4851
5781
5779
5252
3811
1705
7502
2033
2563
4670
5470
8884
2061
7464
403
7232
1383
2395
3399
3322
7131
11
3016
5737
7125
4946
6716
8611
7696
8945
5085
1036
1345
2105
6193
3808
3083
2772
4755
3192
5928
2262
4536
4011
4713
2664
2514
4878
20
6007
5634
5617
7996
7616
3523
7804
3363
7897
4914
4445
2513
8666
5530
8375
3876
2203
490
6761
6119
1150
7389
5250
7144
2522
6689
8424
4080
3874
3467
7499
6941
7322
8517
4513
8379
3667
3301
2841
2095
5905
8499
6501
4774
4575
5882
5948
8639
1189
3972
4286
4464
3697
5975
8590
5257
5037
4900
2424
199
3137
6868
4907
7822
4908
3305
7626
4742
8045
3425
6875
650
8161
4962
8661
7363
3510
7153
8265
3294
7669
3569
3194
8644
6289
4079
1394
8246
5263
4621
7546
5220
2589
4000
8566
1812
5393
1369
2254
3375
877
3641
642
4190
3422
8864
846
1339
885
8786
7760
4431
1650
1871
8224
988
5160
5854
3863
8394
8276
5817
1782
1553
8275
2820
5191
3205
7457
5564
4997
6349
6874
7704
593
1244
2519
2382
5999
1232
4016
219
5516
8011
4607
6275
2726
591
3860
3942
6100
4989
2567
7887
4939
5877
8178
8604
2808
6325
2221
423
4352
4502
8923
2540
5741
7528
2769
5407
195
7314
6702
1268
3435
8953
6010
1906
1084
7966
3283
4164
7856
6738
6946
2136
3552
462
8471
6979
5527
4327
427
7146
8138
7038
7825
2076
4137
2486
4700
3893
5853
4750
8
8813
7885
7624
7632
7047
180
7904
6980
6016
7777
1170
8895
7378
7075
1564
6837
5650
1174
7382
7715
1793
2950
5321
8086
191
5501
7157
6923
1113
535
5878
2248
4452
582
1000
8574
4849
8495
2834
8692
4073
8522
174
8420
8727
782
3713
3045
5050
7475
8556
7139
4539
7972
4705
1598
8236
1902
3332
876
1133
8074
8718
2802
8598
1770
7172
3816
6566
8667
7450
1668
7611
5724
7309
5156
2345
5574
483
4784
6145
4823
3112
970
3938
3175
3787
5774
4305
7747
2205
8780
6357
768
5532
1435
1763
7021
5891
5802
3718
7342
6537
2057
8216
5013
7398
2641
1752
6595
8024
4301
2280
8104
3740
811
243
7223
2659
7544
8937
5707
4587
4151
6282
7779
4165
8311
34
6563
7894
4690
6549
6285
6794
7780
774
2246
3610
8578
938
7658
2450
170
4103
4830
7056
313
3110
5072
3210
4436
6621
3044
322
5913
7981
8875
5422
2943
4063
8914
5276
8883
543
7127
6376
4484
4410
5374
4519
1753
518
7042
5536
1399
5970
1203
5693
3038
8540
4362
586
2652
1363
5821
2344
2805
7754
8324
8153
3535
5723
7655
5018
183
5769
156
1108
7234
1309
7977
132
6400
7113
3774
7244
249
1642
4154
4892
7014
3170
7065
4029
7380
3366
8857
7740
6311
2164
4841
4261
1610
8766
654
6203
7790
1913
1454
3568
3267
796
506
5247
6798
1041
7771
8063
2228
7418
5326
3916
2705
8504
8836
5029
1213
124
3151
6397
4662
7147
3383
1671
2304
4731
4353
2428
4144
6310
4209
454
1736
2288
7138
8934
6746
2215
5129
4475
8750
1627
3115
8853
6081
4605
4596
4904
7432
6114
4708
8032
7263
4125
2617
755
3393
7835
2961
6169
2350
7099
7180
3703
1344
4053
1689
8664
5097
2467
3725
1158
4390
155
4574
8250
4527
5813
3367
8925
3557
1719
182
8899
8747
6607
3834
6928
3032
6968
751
3771
5019
3411
8560
1412
2963
5216
3914
8847
245
4290
1396
6772
5315
3378
7956
6925
5492
2561
1374
7109
5429
7968
1652
6180
6815
2835
283
4650
8025
3841
114
1641
6814
7370
6153
4074
8274
1800
992
6779
974
7818
4292
2054
5584
5943
8753
3543
1069
6109
3622
4826
102
2034
8097
7995
3087
1090
2873
3143
6378
6249
8117
7218
6159
5797
198
6785
3640
6061
6839
3447
3352
5890
4879
7265
3163
224
1613
4745
4277
7202
7991
4770
1559
7941
4426
637
532
5296
4196
775
3382
1883
6551
3390
8272
2461
6433
4476
2275
7837
6469
3934
7410
2711
6073
5161
7948
7176
8613
4429
2234
6776
4447
7623
5984
1329
7954
3749
4386
8769
2416
2261
4361
5003
3282
1989
866
8588
5324
4334
2665
8233
2436
2613
4693
5418
2782
6528
2798
7167
584
5848
4847
8552
4299
4104
566
8561
6929
3577
6111
4202
522
3664
5227
8057
411
6554
4753
3802
6622
2153
2067
6674
5867
107
6461
5852
3403
4758
3770
7367
1517
7102
6819
8262
2093
6272
707
2480
7081
6790
4145
8286
4805
3121
5293
4077
6371
5827
5309
1495
7090
4632
946
8869
6018
7931
5729
2959
3737
3642
7292
1323
6910
6089
2520
4471
1003
754
1210
1138
7554
5200
6345
3882
1006
7124
4773
6893
7569
3169
4139
3775
4109
651
2958
8141
5602
54
4006
7136
4504
936
705
5939
203
6242
3214
6766
4267
6447
5017
5447
4835
8377
2069
4549
417
5421
1665
3208
3001
3940
2708
3080
7304
1193
4256
3459
3505
7334
7614
1144
2328
4134
6395
7593
8133
3902
8806
2313
5260
7788
4794
2081
3355
6482
8695
6029
3542
98
334
8144
7707
268
6186
4244
2546
5061
6784
1356
2706
5092
3408
8935
122
94
4245
3501
7538
4913
4378
6656
4803
6809
2479
8800
4921
3223
7100
2013
2403
6486
6909
1464
8135
3603
5396
6172
5709
3040
8478
6787
1617
5755
4597
6609
7270
7849
5430
577
2542
6154
968
5179
2949
5144
5155
3171
3392
8906
2367
778
6964
315
8399
6990
1259
6296
35
222
7859
6636
4993
1044
248
7055
3281
8850
769
6966
3965
6442
5089
3654
6295
8917
871
3796
7191
4906
1742
8201
6284
519
3503
4530
739
1286
2451
1628
1284
1046
4102
4062
447
1875
4682
4802
4458
3670
7385
5849
3566
1818
2936
3424
5884
3900
7462
2155
6800
1781
1001
6041
291
3330
2880
2025
3574
6208
1790
3117
2491
5830
3743
6060
6246
3295
3124
7406
7938
4031
6841
8456
3773
7924
8350
7694
3005
1234
8053
7953
7286
5126
2670
6664
5969
4752
4359
4337
1281
2535
466
4330
4769
8704
8316
3885
7613
3019
1541
888
1975
5301
6810
2543
802
911
2042
1472
3113
7799
8043
8145
4162
4882
1855
940
5123
6339
6436
6079
394
4083
1945
7245
8861
2905
699
3122
4113
6416
3755
7625
2683
1687
3068
6211
6513
8603
1976
1111
3658
1730
285
4135
3576
7727
3881
480
6520
840
4121
5633
2126
665
2675
1718
6806
4729
288
7845
1056
1814
8679
2672
8244
2236
5323
6140
6671
8518
4326
194
1750
3618
8903
2897
8474
7736
6367
4920
5888
6598
2319
8546
4433
172
1324
6192
5504
881
2620
4641
3943
7365
2547
5159
5455
8213
2229
5991
3854
2745
7656
2585
2932
5405
4075
4260
8387
6993
980
1766
1063
4756
4525
6687
8361
3846
4795
5600
7257
4584
1924
4107
5629
406
8259
448
7905
7061
8013
6368
175
270
8140
2159
3342
7327
6209
6274
4759
143
2709
643
7037
3404
5241
324
3100
4272
8743
3526
7654
3344
3533
8484
7522
8765
744
3947
5628
8862
1282
7784
1568
7307
3856
5283
1004
6270
844
5896
5362
4672
7843
6705
1022
5511
2552
3021
6877
6939
4478
1521
8677
5366
4631
256
5462
7289
7886
7888
2170
5592
6480
5606
1987
467
3201
8890
8398
7120
2651
3207
7045
7913
2365
1685
7830
2383
3692
700
763
76
3949
2584
6375
3528
3769
2687
3865
7674
4257
5414
2423
6951
126
3933
4881
8219
4768
1265
181
3829
6181
6707
7467
5758
52
2198
1214
246
2581
2527
4824
5182
1407
5171
7005
3212
1367
2661
2634
5697
8620
5006
7751
8915
7284
4843
1184
6264
694
5347
1351
8538
4325
321
4568
6407
372
1529
3635
2555
6263
7387
8778
8336
7217
2813
8323
3466
599
6863
1300
2852
5066
7487
7340
3951
633
727
4615
8458
7832
6498
6101
8771
362
7476
477
1946
7478
5032
6280
2094
6352
7173
6290
3993
6244
4738
17
4834
8752
8249
4026
8946
3146
6076
2005
280
189
6713
892
345
4477
415
8885
7998
3912
8568
2859
6777
4598
8550
8301
3034
1939
5990
761
8470
2145
887
5926
4094
6684
4559
4394
8524
3098
4732
1410
1503
3054
2373
1960
8617
6955
822
2171
9
6642
8075
7947
1280
6971
5947
2152
2750
2251
1784
8369
7372
1256
1257
6581
5136
8173
68
5979
7934
8784
129
2588
5373
5686
2454
1834
2075
2860
3079
8926
3895
4687
4528
1645
2789
5107
6496
5649
5505
820
5621
5876
5846
8047
4106
7024
7586
5671
5297
906
848
2787
317
889
5996
4628
8891
891
478
2357
1444
5760
6675
6098
4424
37
2767
8332
5255
6003
1602
1805
7168
450
1910
8537
1738
2124
1355
1424
4273
2744
3608
4012
3090
7785
3977
7094
2243
8896
8564
1328
4638
5786
4886
3312
520
1353
7900
1102
3082
5698
200
279
4950
8602
3660
7458
3106
6580
7220
1461
6712
4459
6889
6695
266
261
849
2214
1684
262
3871
5828
4189
3915
7237
2007
167
4374
6771
998
5431
4365
7105
3532
4602
4890
8866
5244
3013
6544
2237
7511
1042
7620
4496
2017
6257
7731
3092
3731
3202
8810
8419
4740
5406
5306
5119
8073
3548
3327
1711
2488
7197
3979
4871
5974
4285
2944
5442
555
3118
718
3232
414
2967
1919
4594
5071
4453
745
27
4796
2998
5480
6638
5122
3190
5798
1420
1421
7969
2502
1466
2531
7308
8829
2456
5717
6278
1010
8143
7504
4331
1615
4856
3728
6690
8618
7809
2495
6840
5808
347
8103
5274
455
5484
5424
7069
5732
1637
4018
1122
6526
4025
4416
5736
1611
320
7201
1852
7335
8921
7192
1887
2405
3133
5230
2270
4569
810
4383
1416
3669
3600
6294
8919
6023
1058
5124
6074
8214
4014
2210
3671
5036
6507
3256
4551
3677
5557
6568
4052
8507
1028
8671
662
4487
6287
7083
204
2316
3555
4534
4692
801
5070
6099
2734
3430
1892
4806
1098
8717
5111
5577
428
3645
5353
5330
377
157
7052
7514
1697
6117
2044
5701
446
8547
8788
5096
8592
8180
3870
3545
5547
2674
1125
1604
4663
6306
5985
3325
6617
2352
4191
7448
3365
3148
6569
4637
7269
8452
6402
2070
1141
8762
816
5712
2102
3228
7438
4512
5318
6516
6727
515
4119
5862
6510
6383
1849
8315
4167
342
500
884
6320
8526
2043
6691
2430
750
8281
4694
100
3415
7122
4463
6778
4437
7484
8209
5261
3020
409
2199
2917
3241
6481
8844
3145
5235
5861
3293
3944
3909
2900
1061
3251
1398
1796
4827
8851
1194
3758
8521
4998
2766
5238
6547
1682
2714
1135
1588
359
272
5178
2083
5932
5679
4949
93
942
5989
5076
2990
3348
7631
3778
703
6876
8512
8257
6457
7058
363
1732
5082
7276
1316
4558
5656
3765
1733
7601
917
3800
6413
4324
2050
2193
3188
7975
5025
6719
5790
1587
4112
1978
8703
1227
7043
4726
1075
3624
4180
7486
7403
7705
6042
2844
3387
8519
639
6969
92
8116
8002
7912
8307
882
104
1608
4858
2812
6871
4910
3335
3373
2962
8108
631
6627
2477
951
1053
853
3551
3309
8670
1018
850
8292
7424
6548
3358
7681
7891
6535
6749
5916
2850
2100
2975
473
2861
8232
3980
7542
2867
5800
3056
7594
6506
7609
3107
5847
3760
7781
7216
4789
6757
2128
6906
4488
5093
5508
7082
7602
8624
6381
3064
7066
3457
5512
4170
3443
2616
1647
5041
3195
7741
8192
2324
2940
1510
416
4970
2947
231
3002
5893
2505
8606
7310
1419
1833
1348
4987
4258
1208
8660
5956
4984
4341
1518
5311
4859
1802
4866
2224
5444
456
8129
1358
3674
4679
2976
264
4733
3154
6384
5869
1473
422
5135
5895
645
6441
3598
7653
88
5722
3968
4800
1797
1731
3269
8340
1759
5058
2621
6265
6063
7634
7838
5593
3894
3559
5022
1787
4681
5313
1823
8287
2771
6283
108
3735
5941
8924
5245
5906
1640
4020
3338
1619
8887
3976
1885
3341
7010
3277
2784
4676
1799
1269
3247
7721
585
1986
3614
6604
7563
4556
1870
419
8735
6468
6255
3967
2722
3386
2818
3022
3927
3826
6511
6505
4021
1031
976
5059
4380
1813
6055
14
8054
2999
2409
5682
1190
3229
8719
7772
786
8402
56
7597
2898
8423
713
4623
4926
3694
8118
8279
689
6105
8767
1968
5654
8612
465
3686
5831
1008
2517
2305
5169
1057
2700
722
1952
8685
7552
6828
8636
6940
6846
4507
2098
4499
4412
3374
6361
1747
6924
4216
1317
5506
2247
6887
5725
5267
6606
561
8686
8645
4319
4968
5665
6917
3690
7961
4956
6813
5463
6443
435
3911
8237
7964
6014
7701
5172
3549
1401
7143
1290
8548
2106
1176
5783
8039
611
6943
7415
3756
2564
5109
5087
6994
6860
1131
1789
2459
442
5885
626
1749
6034
3689
8417
8362
1038
7152
5805
4118
228
2824
7103
1479
7311
5623
5820
1997
1488
1101
1634
1546
3546
6217
8084
6740
6039
7714
636
620
1109
426
62
386
2855
3340
4342
3471
3634
6204
4922
4427
2109
4495
3037
6589
7193
3668
5042
862
5225
5785
117
3920
7560
1459
8559
5425
1211
8755
1557
4398
3060
6305
3714
4042
6033
5327
7517
8137
6855
8508
6831
8253
834
1425
2790
5375
5510
8710
371
5502
7792
5377
1021
5588
3508
2957
397
531
1068
6654
5177
8879
5953
1713
3727
978
233
7506
7880
69
7661
3995
13
4087
482
1531
1519
4782
7420
8738
5840
4328
1067
6191
6377
7536
8102
8337
201
139
4610
2387
1891
2308
2573
2148
63
7576
8493
1575
5415
7384
1704
4582
501
8542
4344
4183
8327
3483
6730
4540
2048
2354
8091
3647
7722
4415
8653
8404
1200
2414
1878
4532
5735
4332
2548
4861
2630
5060
2786
6358
644
7026
6259
2351
6132
8831
5572
8782
1581
3862
82
6135
1660
1337
8856
3981
3504
4229
7366
4735
4212
4279
2529
4825
1638
1918
6082
2579
8757
8126
2919
6637
3018
2442
6822
3922
3003
2609
4980
336
2628
2615
4529
7337
2032
1463
2654
1951
6780
5640
3570
6353
5002
2426
4669
6849
4184
4503
4937
1143
5133
8842
5192
229
332
6365
2580
220
1065
7297
6991
5450
6009
7802
5251
4086
8826
5775
4264
1119
8071
6070
1105
4045
2130
1769
5091
8248
2362
5563
5173
445
4576
2754
1312
8406
8894
2832
7359
1560
7915
7423
6314
6529
5026
4840
7910
7278
4317
1294
4089
8817
3273
2147
6590
5754
5641
6322
551
3832
398
8506
2689
67
4278
7381
3384
1903
7750
3369
254
2869
6817
1304
4730
4377
7227
6281
8839
4049
3442
7287
664
161
2335
618
7096
3907
8426
6450
5101
6543
6435
8533
3242
4439
8635
5523
8756
4153
1542
5880
5667
3738
7064
5655
4899
8012
2886
2213
861
4469
4609
6075
8680
1313
5265
893
373
606
289
8000
7443
4744
7306
4296
2741
7277
2422
8897
8132
2188
4581
7932
4995
147
730
7571
8711
3029
6398
6239
3057
7377
8791
8663
5789
7333
8626
3817
2602
4371
3887
7882
3515
4979
4978
6558
2408
6756
7020
89
7990
8017
546
5005
5639
3921
4925
4948
4765
2208
5743
2135
3006
4195
3946
588
7185
2113
614
4799
3991
5596
2827
8351
4649
3601
5549
6143
8954
8021
8643
1100
7949
3315
5498
4492
8586
5137
7062
7855
312
7873
7027
1397
1858
4703
2924
1973
6649
3819
8463
8295
5381
387
3989
625
344
1298
5285
7068
996
6224
4775
2340
8288
1245
5980
6054
1201
218
517
5651
2327
3929
5201
7559
6091
6792
8940
6194
2821
5528
3389
3499
598
103
259
4635
8534
2693
1723
2738
7783
5987
1592
1147
7660
553
8445
1266
5611
8846
5349
2473
6688
958
4538
1515
7236
8907
2410
4255
308
3473
5176
4844
3531
1953
2780
6332
7350
5046
3627
4340
1691
2412
5338
8751
6047
1745
7299
6726
2366
6988
2244
6001
8360
3960
8010
6475
2819
6866
6046
1845
2300
1081
6527
8050
5539
2072
714
5098
7570
4667
1520
5560
7397
5695
7246
2027
1175
6495
7630
7330
7063
7737
4481
5670
5310
1513
3962
5702
5958
6298
8444
7290
1722
7677
5021
1172
3884
5345
1327
7617
8477
1758
3028
2909
4314
1180
3264
5248
5643
5541
2995
7987
7663
6652
3159
5053
5034
824
3275
8258
1545
2401
6605
6344
4874
7884
7709
1165
5482
5198
5386
2046
5832
6152
5259
2953
4284
6891
128
8320
4600
8227
8488
4428
1935
234
6502
956
1427
6210
5150
3376
3707
1127
1275
1385
7341
4712
3852
6918
5312
1549
8530
4406
192
5799
384
4885
3046
1096
4954
1228
836
7007
3722
860
3219
6238
3096
3986
1819
2220
74
2453
508
6415
7687
177
1384
8801
2797
6560
6425
7510
2658
3296
2735
5272
3648
3030
2763
1964
8120
8303
4435
1124
3397
5079
1452
2212
1040
4817
2597
8313
2921
6663
4542
7584
3875
6673
7116
6190
5636
1072
6926
2879
6533
3308
5280
6576
3222
2704
2992
186
8268
4661
392
21
1236
3245
6158
8880
7643
7520
6677
1962
2071
765
5666
6786
2979
7549
3872
5118
8638
1830
5931
7566
4541
3628
3878
1992
3560
2586
5763
130
4611
3094
36
5902
4240
6058
8080
6816
4959
8322
6490
4897
5131
1499
6107
6467
1415
3661
2085
808
7159
6
8158
897
4797
1293
8824
7683
873
6752
4115
5143
2269
8785
7906
629
5467
2368
3866
1811
413
343
815
1051
3246
5208
136
6412
2593
8837
6503
2920
3081
6989
8948
5922
8821
6418
3724
7787
3805
45
1230
7229
6330
8347
3346
963
8028
5188
5329
7134
3311
7590
5603
8911
326
697
7942
3419
6586
4976
753
4239
6292
6744
4506
3414
2972
5806
1302
4630
8503
1826
4901
8520
292
7591
1409
693
1026
3652
2202
1690
5526
5534
6745
4625
6935
2627
7500
913
671
514
4302
8835
2058
2982
8267
5067
3441
1922
3685
3682
479
32
2464
2312
1576
7773
3007
3033
5364
2868
5007
5688
2301
5959
438
1440
1468
4785
6953
3511
325
6525
5212
169
6659
421
6015
8082
5103
8061
6328
8605
4548
2157
6802
8335
575
2018
5898
449
1755
5576
5812
434
4883
2174
3615
2411
5165
943
8779
3216
3684
1761
2751
2386
3089
4877
6334
2385
1043
4092
7857
4051
1504
4480
5911
4720
85
6670
7693
6130
3015
8353
4514
115
7130
2717
4294
4067
7404
5538
1606
1527
3748
8421
3353
2166
3406
1688
3462
3923
6937
6405
1633
7548
6025
3432
7939
5841
3487
8714
8942
903
2363
2973
4717
6835
138
7622
4126
5642
7320
4150
1696
8435
2030
1188
948
7409
1287
3759
44
5168
1511
6026
7702
3541
1428
2952
2629
6214
1128
3789
6317
4931
5616
4644
3681
7151
8689
704
5624
6847
1972
3506
4262
1525
6781
1326
5234
2538
4303
1942
1994
2572
2559
5920
5105
8078
4524
6602
6519
2606
5759
2913
8958
4819
8278
839
3780
4706
2361
2150
7582
4117
5726
2292
7652
3095
4347
5449
1134
3421
39
7454
4133
865
1995
4096
941
276
2707
7867
743
6373
3597
8502
7829
728
302
5228
4639
3359
5591
1734
485
474
8748
2757
8245
5183
6013
2948
1605
7562
1859
7358
6340
1860
3480
6411
3286
3488
297
8036
3191
443
7758
6522
6805
7720
8776
5566
7044
8106
239
4001
1967
8150
2679
7889
4875
6195
4473
574
7
8159
1437
6462
7973
8854
6801
90
977
8131
6002
8913
4185
7555
8941
7283
7530
5210
6915
1629
6389
5308
6958
3857
3584
7807
8203
1007
5517
687
3306
677
43
2776
8553
6387
3147
4061
4034
1411
527
7174
1066
538
79
6318
2249
3599
8699
1209
3093
537
2612
3234
6069
8464
5256
7231
827
7950
8049
4622
8172
3292
5553
4364
3812
2379
6364
923
1620
2181
4015
4521
5088
7943
4721
6196
232
4441
7481
7988
8314
7963
390
2460
3302
1162
7480
5766
6155
4659
7764
5469
1524
2569
5569
8898
4282
2497
652
6096
4307
3050
369
4460
6678
2728
7979
3193
3963
4300
7402
488
1981
6232
2151
7935
2721
3259
4932
7362
8405
1219
1778
4099
8333
5069
5027
7416
6463
6538
5073
5575
3888
4455
5653
5020
3297
1168
2598
3319
3388
2929
6823
8162
6897
7876
6494
8291
6431
6164
7519
7778
8525
7247
4166
5520
3932
8707
3753
8795
5897
2172
899
5689
4864
8731
6189
1825
3362
3476
8573
2466
2716
6243
760
3417
7262
5376
2911
1895
3996
8371
3592
1186
4084
7016
7742
8650
8393
6681
2928
3226
2358
7743
1537
3617
1163
6577
3579
5359
5995
2323
4952
7466
2742
789
7011
8007
2014
5614
8498
2449
570
7803
7865
7850
7332
5597
7535
4114
4306
2264
3492
4815
8006
4318
1320
4346
6896
4069
8541
8905
6644
3695
7386
1493
1480
7148
6022
4227
5657
150
1657
1500
1764
4215
1438
2681
572
1827
2068
908
7041
352
4870
7685
1897
2471
953
4101
4222
8956
798
4608
5218
6728
4266
4677
2256
16
4486
4629
3807
8437
842
8576
8026
2252
3747
1277
8200
965
6370
6012
3786
4572
3041
2848
5116
3925
8105
6879
646
300
3959
7203
3031
6573
5668
8212
4370
3586
3544
2624
4520
1322
99
314
3304
1884
6024
3287
1140
3490
6827
6641
2260
7225
7128
6300
4268
8359
3782
7596
5967
1674
2001
3899
7336
2369
6308
7271
7355
7541
1999
559
7936
2931
1052
3500
1983
869
1441
720
8535
1862
1658
3204
7901
8191
8651
7215
6396
1106
2788
1550
667
2901
609
2175
7296
1400
6500
4450
8485
3720
5466
5551
8583
4776
6981
2499
1856
5412
