574
4395
2058
2269
1276
1334
1946
42
1710
1155
3420
1365
446
871
674
2717
1904
542
639
3117
2068
1540
4188
3181
1438
4134
1953
4250
3849
4440
1315
4175
1854
2140
1826
562
226
2926
672
4230
2470
3040
4327
3243
2783
2713
3172
1319
2244
2808
1925
360
2776
1616
4380
3524
4325
3007
2584
1270
3328
3648
2661
1075
3922
2187
1689
4508
2184
1089
4257
4481
1994
1434
370
1291
3620
4099
3021
256
4127
3425
4013
3357
1071
2753
2628
1359
2532
1630
2810
396
3774
1292
1618
2583
4266
2356
1427
3960
3252
3150
2549
4189
1795
3662
530
322
3535
1123
2501
841
815
3346
429
1847
608
1106
3379
1965
4071
3046
4063
849
1645
4090
3026
4101
2511
357
148
3739
2801
3426
3755
1320
4158
3386
3409
572
2968
4451
1768
1080
755
589
4385
3780
1975
3559
1898
915
3773
2299
332
1307
515
1097
258
2896
1968
1028
2855
316
453
2493
824
2005
929
991
3174
4490
3690
1150
3326
395
1878
1295
2096
832
1901
1495
3873
2525
2064
3287
2384
1979
4228
80
3095
482
2290
2998
3521
4398
2780
1769
2908
273
1040
1370
551
1803
3186
2885
971
4129
2278
3175
538
3886
488
2119
3898
2916
1463
3964
165
745
4298
2559
3487
1471
483
4019
509
837
117
415
4337
2704
678
3698
1863
3570
4367
3603
2425
251
981
1999
87
620
898
603
811
1280
1850
2521
739
3503
2327
1011
1496
615
2094
3996
1727
4310
1299
532
1763
3580
522
2567
3843
571
960
1332
866
1619
4018
3589
679
463
3238
1240
1911
2032
3451
86
3159
2065
4347
2596
468
271
875
1491
4341
3678
4079
2990
2538
125
2365
2076
2257
1767
1857
659
1161
3484
1980
1152
1962
4521
2298
3439
2483
4458
4365
4424
2850
4254
3205
3735
3976
3507
263
1615
2167
795
29
3228
2956
4007
4060
2220
1204
3018
1214
3819
23
2724
77
1571
1258
3267
3644
2881
268
1873
1824
2427
2815
2276
1674
656
2397
1159
382
1132
3341
2235
55
3286
4191
3995
1167
993
3679
3657
1834
101
2755
3840
1522
2823
1021
2370
3806
4537
2833
3372
2264
301
3767
3139
1456
3758
4020
1759
2802
4319
3284
1830
4248
2224
3988
921
129
641
3619
2847
2246
2758
1955
3324
618
738
2593
2697
990
2450
1597
3200
1428
3344
952
3749
1358
3044
3527
3080
1172
910
734
1461
264
2943
729
3855
1049
2979
190
2651
3543
4387
2129
4417
914
4123
1397
1804
4094
199
1569
3460
2072
1339
4504
2603
1408
2368
176
2581
4267
3002
473
520
2488
1420
4272
2892
1381
2876
200
4182
2707
1622
109
4379
1583
1938
3214
2931
1166
3689
2602
3756
491
21
3824
1612
3693
4389
4339
336
2791
2308
2480
4152
1125
838
2362
772
1301
158
3229
4449
1053
122
653
2054
3012
2547
308
2575
1680
3070
3154
2334
2316
2660
294
3950
2684
2587
2434
28
4196
955
2270
4109
1250
1416
1209
3474
4441
4478
2215
3638
1019
2647
3138
1576
4056
1656
3180
177
3601
1649
918
4409
3736
830
1202
1601
567
2848
2868
2234
1144
548
3163
4470
1877
3057
3594
2408
2473
3511
3692
1862
3162
1620
3310
1059
3136
3063
2429
462
3358
1684
1298
1792
2380
2718
4273
2872
1603
1556
3921
901
355
2188
2236
3787
3359
1523
404
2025
4534
495
2988
840
4086
3813
97
3486
3667
2352
3730
205
1027
1032
1631
2250
3900
1064
4488
3943
2490
1954
3786
977
2686
4455
1538
421
4046
985
1744
2555
3277
4324
3844
3207
4541
1655
1977
3671
4426
2691
4370
4448
1507
156
230
3888
1477
3283
1127
3059
4095
2517
3941
3090
1545
2108
4198
2364
2904
2003
558
748
2132
886
2889
4247
3631
3473
1595
1504
3247
964
2562
2800
1447
2343
3935
1481
4546
2531
3753
801
4364
1220
3841
4179
2907
4135
324
2635
188
812
2541
617
511
4393
4160
1442
3514
2659
2458
1525
2171
3990
828
3821
88
327
4297
1806
2947
2348
4146
102
162
69
3564
3195
3989
2794
843
2039
3665
3250
1708
1784
4025
4359
3607
884
3255
3123
3881
3534
4474
1658
4330
983
1707
22
3088
4414
3089
505
2197
1922
1344
1848
3669
4205
564
2958
2320
183
2618
2915
4142
1884
861
789
300
891
4016
461
2467
2400
3370
1448
4208
1067
2436
3560
3498
2557
786
3371
1859
2162
794
3230
270
3335
1421
305
975
2702
2937
685
2995
2804
2797
2788
3765
3224
3297
248
2420
1184
636
2223
2085
1660
2063
321
536
1253
4037
2539
692
1777
816
2285
3411
3915
3722
2533
4107
3198
4467
3105
1133
1335
380
1290
4313
1960
1865
631
2910
4436
610
2073
4373
965
1592
1676
375
1677
179
4491
2643
3203
3869
690
4303
1357
2163
2214
3309
2807
3516
3210
2705
457
3035
4295
151
4039
3789
3000
341
3793
1485
2154
3659
2444
1802
766
2496
1399
1235
347
351
2123
4466
3880
1509
224
2426
3438
1444
1866
3476
1274
3766
2866
1333
1273
2752
2150
1038
4392
3120
3746
4242
4197
1726
3084
1443
3453
4156
1119
1991
3683
330
1844
3431
4088
160
4032
3405
3135
4518
2144
3278
292
1940
3047
3215
397
100
696
1735
3651
4382
2482
535
3664
2258
1318
3295
3187
3299
2127
333
3794
2228
2544
2305
1105
3448
3937
2698
409
79
1745
683
3555
1718
4461
747
4097
116
2241
1989
2880
3256
2746
2183
3687
1874
3477
3762
628
51
2463
3703
328
1207
2617
3329
3315
2845
187
2499
555
216
3717
2226
4388
851
3197
3508
4401
4344
2277
3699
2087
4223
624
604
1446
2452
3691
519
4220
3567
2342
1313
1050
489
131
3702
4485
173
1440
475
1672
4172
3374
2315
2516
4201
1691
3953
4338
2920
1524
2592
2158
168
899
3193
1256
2464
2735
950
554
3625
1450
2409
577
1160
4384
2632
2853
868
275
2572
4360
386
2542
3223
4489
1199
2938
2966
3604
3602
2709
2353
3536
2023
3801
2313
4237
2306
3116
1568
4232
2431
1632
443
4062
3316
3993
3327
4495
2218
1993
1829
777
4204
3612
4412
3051
1479
1104
1664
4499
1294
1336
2955
3492
1252
1891
1813
2577
1433
2174
166
982
3494
3263
4112
2231
3424
3058
2122
3025
972
3677
4316
1261
2737
4550
4004
2121
2909
214
2906
1303
4323
909
3866
948
3980
2330
2656
2573
4209
1415
4104
3395
2670
2098
1800
3443
4271
1247
4210
1774
1052
2449
1752
848
842
1178
383
4542
3017
2382
2050
1355
3551
1589
126
1460
3003
1816
529
1751
4507
2099
1808
242
2680
392
2021
625
3547
2742
2673
3422
227
793
933
939
1566
1611
1171
2209
2689
2513
686
1842
2652
1470
2069
3236
1361
4447
951
1687
3378
2435
1163
287
1703
999
3856
1766
980
3609
670
3323
565
2367
835
1302
1613
1879
1170
3846
3244
133
2020
3586
17
1627
3917
1608
1782
1669
3338
880
1501
4415
3981
419
1454
1564
1679
2239
1031
2419
1544
1565
4036
345
677
2771
2946
1871
1217
888
472
2152
3905
3979
1222
2779
3280
269
585
1331
3217
4369
286
378
3978
3576
106
3156
3361
2969
3891
1883
1000
1255
1810
2553
3124
2642
3479
575
3931
2781
1079
3641
2363
4186
1557
2448
2081
3809
2502
1724
265
189
1279
1881
3515
2522
153
3757
2606
3961
3528
411
3039
3673
3925
1212
788
4059
159
1945
740
3061
634
361
1211
1283
272
4431
2844
4361
3916
3966
3858
3392
471
1675
349
3146
2884
4052
1223
1451
2100
145
2071
3875
1210
1086
4291
4355
619
2421
3899
1348
2816
917
3182
267
3342
2638
723
4274
3075
437
3781
458
2332
2991
2465
3522
4252
2253
1060
746
4543
1528
4130
2438
1971
2696
2600
839
1185
2733
781
508
780
1234
2405
1041
2703
3893
2912
2961
2377
2641
4446
1191
2357
1157
1072
480
3072
2951
3037
4211
4428
2495
916
3077
3020
3938
417
2044
3467
2699
318
3273
893
76
164
3177
3726
787
2172
2453
3879
3962
2601
1468
1206
4234
2125
2773
3266
238
3401
3234
2905
408
35
2033
2271
3096
1044
2772
552
350
1598
2035
2074
1560
1831
3031
459
2205
3590
2341
757
2981
1173
2283
2959
500
1670
364
4383
27
2671
4213
3907
3675
2001
50
1651
3440
1241
1239
3684
1783
3640
110
479
2468
104
4200
169
132
2456
4132
2964
2980
4378
4255
806
632
1641
1311
1580
428
1305
1704
3302
2433
3068
2580
1084
2695
3944
1731
1900
2153
4432
315
2965
3618
4439
3745
476
2110
4212
1296
4511
4169
4075
423
3643
3491
822
3871
1221
259
3903
2103
2653
141
667
3718
276
3127
3226
3468
3254
989
2016
730
804
3911
167
2877
807
354
661
1779
3696
3788
3645
1902
3930
3264
1996
2190
4314
1036
2083
3908
425
2648
1750
4276
338
4472
3387
1195
1402
845
607
4422
4202
1788
157
4342
858
569
2514
2095
3041
2272
3795
693
1288
4469
1275
2160
4453
2809
4034
3751
3023
236
751
4218
2199
3308
1096
2624
3455
1039
3108
3325
3541
2887
2066
2301
1297
905
1872
763
2256
1905
2512
958
3206
3050
4487
231
388
233
546
504
1584
246
2917
1609
882
130
140
3617
366
2055
775
2133
1882
1553
3083
3571
2075
2678
3623
1693
4442
4051
1090
637
2822
2978
2134
3399
254
289
3444
2311
3152
221
3565
98
4465
72
1145
1351
2604
629
2799
1070
1886
2263
1200
2505
1562
2578
703
4151
3343
922
154
3161
2082
1366
2841
197
4076
4050
430
2423
3614
3826
304
3811
823
2518
4284
3319
2723
4193
2273
2219
1134
4293
1114
2210
244
1405
13
3817
3728
3647
3147
2000
4429
2766
3584
2986
1384
2784
1918
37
4354
622
4444
285
222
928
1465
3705
1022
2296
3465
4492
2093
2607
152
2204
2280
1081
1552
4302
3246
2770
3001
3232
49
3404
3932
986
1216
1721
768
277
976
4128
1424
2043
1605
3827
477
311
2014
3583
1354
2040
3066
4517
1169
85
561
587
588
936
3720
3144
2625
4505
4329
1719
3600
4437
896
3876
4262
1956
2523
2439
3194
2924
4091
2060
4502
2743
3923
1629
4301
3864
1242
2212
1851
2944
3759
202
2658
614
2936
2017
2929
2413
250
1478
4306
64
2202
665
2565
974
1094
1832
864
3949
2722
3435
3279
2029
4280
20
3185
1213
645
2138
2350
3501
3239
2962
2478
1046
3558
3902
2201
3408
3799
518
1934
833
920
1117
2395
4494
4166
302
1404
2971
850
3262
3890
43
2694
1015
2418
2165
718
2598
3712
2009
1092
598
2627
47
2031
654
241
2786
2849
2104
4028
172
1005
545
374
1174
3458
2948
3553
3349
2750
601
469
1368
3459
1269
584
2070
4082
2387
3796
4372
4068
744
2036
1748
2701
1932
855
1588
1098
1489
4549
1410
2339
3463
1026
4161
4349
1770
1897
987
1715
208
4106
560
4410
2416
1747
2803
616
988
979
4064
890
3984
3053
1085
2734
854
3306
234
2569
1268
2051
2787
907
3727
1265
2757
4296
3024
1730
1436
2710
2923
4413
4475
900
3334
2194
802
3005
2052
3355
1653
1449
4476
1579
3081
1376
4229
1393
4256
1324
3314
90
3598
3480
3241
2570
274
1936
4376
1944
2576
694
3073
1964
4245
4035
3929
3926
2574
4083
2089
3715
2046
3183
4118
3119
578
2216
2764
2193
912
290
4098
1983
3650
2333
1237
3436
599
3130
353
962
1885
1942
1030
3585
2245
181
2631
1497
2168
4021
1271
1487
346
1518
946
707
3403
1407
1441
4463
844
1054
4277
1007
2558
1244
2826
2706
1422
3854
1418
3478
1961
3784
4119
307
711
1042
219
46
1372
2878
1712
2304
1141
2275
1103
2731
2118
1289
3870
1514
827
1912
1499
3831
666
4241
402
2126
3121
4159
612
3777
3304
1023
2325
931
2626
1587
1124
2759
436
2146
1947
3957
4443
1542
961
3257
1699
4496
1338
3489
647
673
4321
1228
2543
492
526
3014
1533
2107
1107
4509
391
583
2248
2481
3079
3877
2591
1236
1995
1129
4300
68
206
2284
4165
2007
3835
62
4435
1029
2528
537
4174
2714
887
3764
2141
510
3983
3149
2711
2477
2859
3919
1772
1930
1014
1690
118
2667
4503
3101
56
1756
1179
2371
4121
3591
2953
108
635
796
2011
3676
2668
1111
1823
2818
4126
4290
1263
2999
52
2338
3269
2476
4084
3734
210
895
2507
3998
3632
2105
2534
2260
669
1353
1146
1224
3158
1519
521
3471
559
3389
1122
93
525
1181
441
4081
444
414
3706
705
228
724
33
712
3724
220
3970
4512
3352
706
1326
1903
2225
846
1403
2388
3442
633
3531
2109
295
2411
1151
2267
2156
2200
474
2053
135
3202
1249
4102
2282
1429
876
810
1375
3472
4408
709
1855
4391
3713
1799
1575
3074
1734
2041
1985
1455
2487
424
2914
1976
1118
4137
2166
3076
3305
3432
4356
3331
4427
2361
186
722
3883
4207
4100
3406
1474
2727
2690
3366
2394
2198
211
496
171
524
4282
3904
3461
4343
3289
2824
2861
2812
331
3635
2989
2024
2422
3581
416
4141
4500
3248
454
137
4259
296
1895
2546
61
643
984
2459
3414
728
1570
2509
2318
3176
1112
1140
4374
3128
4547
1383
3102
2608
3529
38
517
3036
369
1180
1516
1785
759
644
3779
60
2899
3867
924
1453
2554
1889
3249
3069
704
1915
4363
2973
1500
2901
3741
36
2186
4253
1688
1593
4133
2683
2515
1919
3575
2461
1337
549
1187
3847
192
212
4225
3975
1137
405
1219
2928
3836
260
818
3216
1794
2445
3178
2921
3838
3742
3118
3482
3110
3423
4180
1316
4012
2157
3502
2940
2536
1814
1205
1245
4085
2897
4206
3169
2027
2078
1486
1791
3525
2344
1921
1314
4010
2599
528
1227
779
297
1807
3048
2451
2466
2586
902
930
1371
4501
413
904
2170
2677
756
1257
2933
2402
826
3681
1113
2610
2037
4224
4286
3219
897
282
2018
655
2191
394
1827
3688
1360
1493
2987
3740
3107
4264
3636
4117
2623
3853
1389
533
1755
2993
3610
3167
1860
1529
3497
4057
3004
754
185
940
2760
2957
860
4061
1585
4430
1743
2595
2237
1692
995
2484
4049
3569
2813
2471
3954
3933
2293
1194
1131
825
4167
947
992
279
4402
3680
3417
3828
3928
879
710
3300
2834
3464
2814
3630
4452
1729
1988
1665
1572
4305
3285
3952
1840
4173
2982
3857
2303
1110
2028
278
3725
1243
498
1868
3896
1638
3222
2287
1733
2143
2893
3771
1543
1260
3470
651
4352
4017
3131
1937
3579
2090
406
373
3347
943
1356
4484
3845
4150
1837
3969
3882
3265
3616
2383
715
83
1933
1391
2415
4532
3554
4283
2883
949
2254
1254
3141
1177
142
1362
4397
1966
2825
1685
3974
1864
2314
2796
3661
1078
4187
434
3682
257
2232
3227
439
2902
2045
1702
819
442
2475
2013
3103
1646
2819
1581
3348
2084
31
2840
3674
426
852
1396
4105
1535
4529
4340
725
874
1836
2715
3333
1215
689
1452
4235
2716
611
283
4195
544
2454
1435
668
3628
119
3221
2281
4299
2693
4545
3292
1539
1958
4000
3027
3218
78
1555
660
2457
4022
465
1861
1473
2151
3808
3336
4523
778
1951
1409
2675
937
4331
3920
1532
2428
2300
2185
44
3865
1196
3510
3615
506
516
3360
2782
3416
2102
1662
1306
3963
743
1148
1390
1458
215
418
15
4194
3563
1467
3639
4073
4149
3642
3441
253
3298
2747
4368
1738
2335
1527
4471
2566
2019
2399
2830
1780
741
2644
4497
1681
2406
2086
2646
862
3731
4522
1604
963
1088
3164
2900
4026
1475
1165
40
1625
4366
494
1400
1916
1713
3412
3391
2412
2113
3578
2634
1801
1287
368
2681
1101
733
2208
2726
1531
2736
2721
2963
4041
59
3968
1875
2552
4498
2336
966
3054
2865
2949
1843
2497
2996
1349
81
4350
2491
540
1652
1654
384
967
4457
82
1002
3848
1304
2530
2621
3802
127
3942
1894
1494
1890
2761
1329
2662
3060
1698
3605
1020
155
1164
4268
2255
2663
1109
878
4027
2131
3775
3958
717
245
1464
3833
3137
3778
4526
2206
1325
2494
1534
3792
3825
2389
1126
3240
3113
3452
1387
2116
2401
387
4199
2424
2829
1909
320
400
4531
2251
3369
3783
1343
4170
144
1293
455
74
1483
1147
640
2322
3658
2355
1818
4454
66
2854
938
99
3274
553
1812
1035
2410
4087
2942
2994
4270
1973
2927
306
1888
2537
393
2432
4092
1673
1893
642
4304
4120
239
2839
4138
3700
2297
3732
3830
3595
3099
1621
4353
2775
4023
1087
2967
1065
217
2175
143
630
3861
3889
2022
1330
3251
2393
1484
1714
4233
237
1661
2345
447
3133
367
2749
3512
1761
2369
3526
3655
994
2455
3092
813
592
680
1069
3670
4351
1949
2874
2556
3188
2654
1350
3380
3597
1776
1374
1817
32
449
2594
870
240
1439
39
609
2890
2620
3574
1582
2340
1610
3071
1100
2983
4103
403
2059
684
3134
2189
340
2615
664
3495
440
2443
2640
4405
1352
3382
309
2079
4178
799
323
1825
1537
4002
4544
753
760
580
1183
1323
4143
2002
911
1839
2268
1667
3816
195
193
4483
3646
2688
4281
701
3557
1363
371
2145
163
3770
809
3533
3407
3410
591
3666
3822
3946
252
1554
2446
3082
3363
2795
1709
2147
3272
48
464
3686
1746
4269
3275
3697
2462
1108
1248
3281
3577
932
3539
2207
4445
1385
941
266
4335
3015
3820
2870
765
2811
957
478
2754
1048
4072
2135
401
1678
178
2851
1282
1607
1596
582
4260
4246
750
2291
1928
114
3887
1549
1406
2328
3160
1639
2778
3863
1013
3466
4390
310
2657
184
2619
4163
872
2261
376
2571
1322
2540
1970
4114
2932
1671
1327
2869
182
2279
935
1789
3763
3115
2700
594
1462
4053
2960
1272
3100
284
3235
3798
2329
1188
820
3852
3992
3653
1116
2545
2633
390
2738
814
485
3208
325
1828
1796
1899
2242
89
543
1757
1197
803
2379
1880
1423
1373
1640
1594
3362
2230
4140
2629
73
3549
3112
3906
3709
4236
2047
600
3179
3832
648
4536
2441
1466
3769
4008
3307
3271
4153
4261
1819
481
150
2970
3212
2935
863
299
2128
4287
503
4157
3672
1822
399
3303
1711
3530
2274
84
3368
198
2793
2130
2469
2748
1998
2430
3752
4513
3062
4263
2112
2831
3850
3437
2217
2252
3884
3189
3064
2630
1480
1907
4418
2015
3967
4065
2857
1997
1606
4183
2977
688
3868
2373
3377
1642
329
1120
3951
732
1694
1284
2289
3972
2124
626
3173
996
4190
1225
1502
1432
1530
1910
2974
134
942
1198
1867
3818
2295
2182
2925
3129
3065
1395
2867
2611
1917
2769
2196
892
1657
3367
2238
2817
735
3810
1957
3148
1820
4096
2386
2875
4001
3052
2440
627
4031
1790
2548
1941
2372
63
1300
3803
3897
1061
783
4040
714
3716
1948
1821
3125
695
752
3093
4308
889
1635
1624
1068
1526
3008
105
2177
1717
4168
2765
687
432
261
2560
523
997
196
1725
1328
4222
1741
4423
3797
4078
2213
1121
2407
4377
2563
1413
2821
4124
831
2952
19
3851
3433
3556
1037
450
3291
1536
1414
1892
3637
3940
4249
2842
3552
676
3538
2895
3446
1143
4048
1896
2708
317
3804
3977
1417
2636
3339
1082
1045
2176
1849
92
1551
2227
1586
225
3087
1264
3622
1760
3045
3860
1367
3743
3456
484
2645
2975
3750
2233
4322
4516
91
4231
3747
4317
161
2612
2930
3462
4066
773
699
3496
3402
1923
2862
247
1233
749
3627
3394
3909
1967
1992
2582
2939
702
2359
2835
3006
3428
857
1972
1380
3500
2057
998
4460
2685
550
1203
180
2985
3927
1008
596
2088
2744
3034
1476
3874
790
1614
1503
1498
1833
867
3999
2323
2597
4275
1149
1193
262
2774
2665
3654
3028
3593
638
969
3157
4464
3561
502
3837
721
389
2666
1987
1162
2010
422
3381
2997
1511
1647
2568
3106
4396
662
1066
1016
4346
3985
2498
1920
1369
1515
606
3599
3701
280
1856
96
1775
3022
3685
726
16
681
3393
3523
339
1278
2564
3390
2535
65
3091
2178
3872
1981
869
1317
1431
3126
334
2745
1773
4309
534
3475
3987
3153
727
856
3505
1887
4003
3332
138
3782
2856
770
1382
3936
2319
4450
903
438
959
3049
1984
652
2732
2164
3320
3540
2042
3772
1218
94
313
2520
365
4473
2347
2243
3142
2203
2385
335
1321
1508
3290
2863
497
595
4357
3805
493
913
2740
4115
4093
3209
1811
2354
3572
445
2326
1201
3400
2639
1492
720
1682
671
3582
1982
4145
3043
4434
4069
2067
1457
4038
3991
1340
4148
3924
3737
3365
925
3418
207
3199
352
2472
4243
4285
1924
2437
54
3111
4528
3449
2860
1520
1749
4217
2265
581
3913
4226
191
2092
1659
1267
556
2062
2120
2004
501
2838
736
2992
881
873
3042
3971
2504
764
865
4533
427
2898
490
3109
4294
2882
3945
1648
1787
3413
3634
435
927
67
1974
650
4328
18
3694
4171
590
1737
2605
3606
348
3790
3506
2687
877
541
4539
4214
1018
2229
1378
2858
3760
2679
2460
2637
4288
1186
1706
2790
3184
3321
3723
3504
1128
2725
597
1668
513
467
767
2529
2337
834
4239
3895
3518
3122
3587
1506
3754
2911
486
1001
1231
2649
1754
3259
719
2161
3098
2414
3948
359
3383
4421
3204
2211
3450
2034
1626
3009
3776
1232
2486
4009
4089
682
1510
4221
2404
448
291
3132
3934
1437
4111
1666
2259
512
1401
4113
4219
2317
3447
4399
3282
1003
3829
1978
2137
4047
2879
123
2447
1852
2266
2508
3201
2173
1004
3293
527
1308
2195
175
1732
1722
2805
3994
3815
1083
3532
3288
3225
4077
4029
255
3509
1010
3213
1345
3711
3548
3859
4482
4058
4375
2561
1058
593
2579
3608
1636
4527
4477
3190
2376
1644
1696
1695
1602
487
412
1913
3834
1797
3791
3454
1459
2381
3237
4238
2682
885
3660
2712
4333
563
829
410
2048
452
1513
1959
4515
2049
1686
4176
2221
1914
2366
3621
2080
1739
4005
539
4403
1158
70
2609
2873
1927
1482
3097
3955
4044
2506
1379
3220
2310
1701
363
2762
4371
700
1099
1142
3626
1095
3520
2551
1012
646
4425
4011
2832
3785
613
1505
24
1411
3019
3568
3517
4345
3276
3708
149
2139
344
2390
3483
4033
4251
761
4480
1591
1558
4177
4400
4162
146
675
4192
2729
1753
3656
2510
1076
1229
1633
3253
1346
2622
1663
4486
547
2590
3056
4433
3878
836
1716
2728
3032
3191
605
2115
1634
4479
2006
3704
2417
3596
1412
2972
4024
1845
1758
1394
1771
1841
2664
4320
1490
3959
2403
713
1230
1392
586
499
4279
4203
3488
2739
3078
3768
2307
1617
57
2159
1285
4493
1310
3918
103
3192
4318
1062
2846
3649
4154
1419
623
1567
847
377
2751
2077
2768
3170
573
3748
1547
1798
2613
2820
2038
4289
1192
2616
75
111
3260
2871
906
3143
2136
2524
3812
3814
298
2442
170
4181
1740
1091
1700
3997
4538
2309
4311
337
372
2492
2358
115
1047
4278
1762
4525
1156
1573
4381
3171
95
1189
1025
531
1102
1853
3544
232
2249
784
3231
2519
1469
3719
934
2392
1154
3397
4519
2741
3419
3396
2903
2324
1017
945
235
2954
2669
2391
407
649
3340
776
2114
944
1024
4042
2550
708
978
1728
2837
968
53
1805
4015
1238
1266
312
343
3114
3611
2142
3016
379
2945
2527
1033
213
1908
4336
362
203
1929
3427
2827
4185
2650
2763
1906
2526
30
782
1512
1175
3140
3354
1445
1364
2111
4438
1781
4411
3546
3537
3085
34
3613
1943
1643
3038
1259
4055
4506
1952
557
2655
1063
2091
174
1926
3364
2585
1055
4131
3196
3738
2756
926
3094
3892
1963
2331
4514
1226
107
3885
973
45
1561
1546
2919
808
3490
4456
3166
663
1246
1281
4548
4227
1697
923
1135
3318
3294
3375
3030
771
1056
112
1009
385
1377
2674
1876
3721
3317
4334
1208
4054
2806
1705
243
1051
1034
1426
356
579
1577
1765
1312
4080
4292
2169
147
3385
2321
1115
1931
4155
3519
2588
3337
3055
4394
4530
1136
791
3629
2288
41
4348
4258
4362
798
3910
3350
2262
3211
2934
3011
3956
2149
2828
4110
762
1139
136
3311
2950
2106
4244
3550
3330
342
3351
2886
420
120
113
3258
3245
1986
2117
785
2012
121
3270
4307
4184
657
2222
3430
1472
3842
3800
1858
4164
3982
3242
2398
3421
3268
1778
4265
1488
201
4386
602
1073
1168
4420
3744
3485
460
1870
3029
3668
128
4136
566
797
1006
3573
2292
758
2008
314
3499
3914
3145
2503
3086
3566
4315
3155
1286
908
2941
1742
2843
4125
1182
3761
4240
3033
2852
576
26
1815
1309
1251
2614
1386
2056
737
3714
3469
1809
2792
4067
2030
2767
249
2672
821
3388
4014
1057
3353
2179
4407
4540
218
2676
3710
3296
433
2888
3429
800
2349
4139
1600
1153
3376
3624
1077
293
1563
3663
209
431
4144
3067
2894
2097
2346
1277
1388
4043
507
4108
1347
4332
470
817
2192
3807
3707
4520
3233
2479
2474
2026
1628
3301
3513
4074
3986
2719
2976
1130
2155
4326
2375
2294
3633
1846
1599
466
3894
3545
1683
4419
3165
4147
3261
2789
2247
3973
1574
4358
3104
4122
4312
731
2360
4524
3384
381
1190
3588
4510
2286
58
1548
774
4416
4030
229
2785
4468
4070
698
3313
3839
1093
859
2777
1590
3312
124
568
1637
3373
658
71
3542
4406
3562
4535
1764
288
14
953
3901
4216
223
2240
716
451
1262
2918
1559
1969
3010
697
204
3345
3965
805
1950
792
3398
3939
4404
4462
1043
398
1736
1425
2913
3493
1723
1869
1138
2101
1074
1939
919
319
970
3823
1398
621
4006
3013
1623
2396
139
2500
2730
1517
2891
1430
2864
742
3912
1720
3168
1786
691
3151
1550
3862
3434
303
2836
954
769
3415
3356
1176
3652
2692
2351
3481
3729
1838
2720
1793
1521
2589
3733
883
2984
358
1835
4459
2485
570
4045
1541
2061
2798
2302
894
1341
2312
3947
853
4116
3445
281
3457
1650
2148
2180
1342
1990
3695
3322
2374
2378
2181
2922
1578
194
1935
4215
956
326
514
456
3592
25
2489
