1922
1457
650
779
949
2534
159
3531
2053
2502
2885
1562
784
486
1809
1967
3901
1941
3300
3505
1210
25
2854
1116
2613
1721
917
3290
2358
2184
1637
3328
2397
366
2105
1185
1192
3637
3422
964
577
52
972
570
3577
3123
139
3968
1079
1427
2620
3196
1606
3485
2416
4004
4029
410
2965
3313
725
818
2680
2442
3465
3091
3446
2133
100
3794
3472
1097
3951
2955
461
1599
1964
3713
337
1591
1824
1236
2721
3504
42
3466
1222
3789
2563
3680
1618
1017
926
762
568
103
546
643
3054
2654
1621
3225
3327
83
1634
2474
2134
2052
2869
3887
2638
2734
2870
3598
1376
2080
3102
708
1113
3108
1383
440
274
3219
4091
4147
1057
2050
2211
2785
2197
3669
2018
2104
1596
2971
2016
2878
846
3278
2163
1291
2288
1183
1352
865
2845
3442
3202
1788
46
252
1767
933
672
2688
3611
87
105
3593
2744
2042
2823
1568
3065
3557
4119
1746
3085
909
2667
2444
560
2814
3605
1474
3750
1348
1843
1034
2536
2157
3051
1793
2085
238
1456
571
1390
1867
4130
3236
3996
241
1264
2072
1865
2932
1279
1317
3305
3648
72
1923
3937
3800
3077
3380
3846
1789
1518
3752
1902
2398
1201
2227
2374
3843
2290
2077
2742
3019
1415
233
1277
656
2942
3820
1947
3471
3845
232
2477
684
3480
641
50
2201
1931
1680
3573
489
3725
177
3267
4066
2701
4006
1885
1039
144
1576
3816
3596
3257
1927
479
1800
1120
4003
1570
3985
2257
3756
3544
2265
1714
517
66
288
2048
2798
3437
257
1019
2229
3409
473
788
1252
1312
1906
1333
3217
795
3403
1488
2130
851
1904
3121
1061
2529
1086
520
2049
3630
80
2099
4035
2415
4063
2149
1083
871
2179
598
237
2606
3338
1209
2195
2340
2308
3792
471
339
792
1163
12
783
3551
2739
1499
1983
346
2673
2501
2321
2126
3310
639
1690
2802
36
3401
2887
404
296
60
2593
2368
4068
130
3855
1555
1331
2007
3853
2176
3429
2896
3166
2986
1100
2384
2410
1202
2293
2826
384
785
2299
3
2799
23
2220
1251
2249
749
3658
3413
294
3886
2565
2004
3006
652
1903
1403
3105
3724
3490
4086
2108
2681
624
281
2138
3094
1949
2842
1327
2271
932
3987
1009
3665
1265
2015
1943
912
3288
2063
2281
1844
242
607
1778
3477
2778
2837
839
2723
4155
742
405
2835
3031
807
3945
4193
2116
1188
2872
1482
1604
3089
2619
1368
1444
1587
2594
118
3583
311
2661
1391
263
2551
2424
253
3733
2487
3541
1533
283
930
1534
1214
914
850
2691
3063
1552
3784
3329
3280
515
2234
1417
2298
141
214
1592
2929
3674
1160
3692
3625
372
3880
1772
2005
612
1344
3030
888
3050
4074
106
3536
3353
3226
3191
2788
110
2517
1850
2435
2820
1855
314
2469
2627
858
3498
1557
3263
1749
631
727
267
2725
965
625
1731
285
376
1299
674
2333
2677
3914
829
740
898
4133
2100
3270
1953
4072
3199
1531
797
247
1539
3609
1461
1458
2948
1654
3506
3238
1232
840
15
1648
4146
2662
2710
2409
1646
3521
2217
2068
1986
1948
928
4105
2337
1282
3935
2425
2882
1832
9
1002
377
3653
2167
3959
67
2334
616
1990
2704
3921
2860
3150
737
1138
3856
661
1304
391
2419
1651
3983
2476
3910
3777
1104
1512
3396
2981
235
2808
11
2208
2461
1051
3411
1378
3559
2275
3650
380
2857
2656
3194
569
1365
2945
857
2262
457
2967
3862
2610
582
2801
1256
1235
2399
2602
2443
877
894
2261
2539
2779
3262
2614
2686
2151
3647
3047
1447
2033
2856
3210
1175
3301
4114
2058
3325
1420
1119
1677
1493
2990
2755
2481
3444
729
1542
3349
1150
3716
3205
2172
3095
2421
3182
3058
2367
3473
3152
3702
3977
939
4075
1777
3905
1275
3131
3805
77
3524
2259
2774
3860
1898
3900
4115
2417
2831
2350
3522
4098
758
2760
2988
3963
3308
2800
65
3339
3664
1984
2840
2741
78
18
448
507
2475
338
4111
2914
3420
2095
2957
746
572
994
2987
240
2552
2408
2652
3363
1584
1217
2572
3628
146
3928
1519
4117
1283
3908
2776
1465
3549
1676
3999
125
991
2349
2506
3402
2527
3368
2729
2056
1058
1561
260
1315
315
1343
3144
1296
215
3546
539
1968
2164
2123
1385
4054
382
1418
3216
1278
2200
8
3543
1362
2376
4194
1952
3306
293
3169
2296
4192
953
2260
1801
819
1674
1152
591
1483
2636
2966
1611
2879
1018
2464
3835
1144
547
2091
4084
3567
2629
420
2793
1037
3335
218
3261
1032
3454
2964
1750
2177
2283
957
2891
3942
883
1284
2256
4107
2772
3424
3788
1773
2850
2541
3991
2553
1177
2668
1118
442
1246
3840
3033
1614
3399
3896
1976
1044
22
960
584
452
193
1513
1361
1912
2251
3563
4064
1804
2901
468
4082
3911
2646
1816
2497
1354
1703
207
687
1193
1289
2041
1196
2599
976
2020
973
2263
3916
362
3699
1918
2591
2858
3208
951
1065
1471
2423
3405
3651
49
1151
3873
1900
1085
1829
3769
2746
832
1223
303
2181
69
3145
3195
822
2346
1412
3795
2790
3425
2895
2827
1544
3827
430
833
2090
2752
2792
2013
2784
1121
2876
3621
1872
2341
2000
587
1643
1782
2862
1416
261
2812
2190
1795
3965
1437
1198
731
2228
3304
3802
508
1602
3813
1453
2252
2952
2372
3798
1921
455
1765
222
1472
860
1856
4171
402
3589
3701
599
1626
1833
3128
3115
1281
1067
722
3917
3012
3148
3188
823
2859
3448
3099
1249
828
2883
2718
741
2055
3962
475
134
1535
1497
4191
4190
1502
1003
4172
3993
619
1876
3393
3924
629
3367
644
1972
3299
1001
1093
2695
4030
2545
1224
738
2918
2289
1633
3636
358
48
4178
3606
3455
2608
1632
2592
509
1975
1345
1501
353
2460
2479
2897
3356
3240
1199
3394
842
3807
764
4021
5
2655
3433
3762
3861
3758
1755
1431
4039
2963
357
2322
2183
739
891
3302
2865
827
2544
4069
1812
1221
478
2319
1452
2348
1168
3555
2698
2206
4186
1886
2215
3045
4185
1439
4005
2465
3761
2326
1583
2763
768
189
2311
1014
3218
154
4168
183
887
2028
2141
563
1970
431
3174
3118
1837
1070
1076
2567
1319
3024
4156
2947
1556
3668
1908
1166
451
323
1404
2712
244
302
3818
3832
1628
3068
1672
3116
1639
533
929
1132
3781
2440
3119
2327
884
636
4110
202
1641
2969
3915
2766
228
3120
1516
4135
1448
1747
2199
310
952
3799
2643
179
2098
1031
817
3721
1736
694
3028
3542
3739
2863
3179
552
2992
1350
2855
805
2175
279
1470
3359
3907
3619
665
3415
3888
1351
1588
1658
2732
1112
2618
2054
511
1490
3497
537
2764
1888
1156
1971
1370
4103
987
2344
4018
821
1995
266
3256
2510
2357
1880
2286
3953
3670
512
2786
649
1053
3677
676
360
2223
3773
1440
4102
1194
562
2381
2473
736
3742
443
4116
2839
1694
3140
3838
2810
1123
2079
4040
3588
3620
3248
393
3906
4078
3268
3462
4093
3992
2434
2285
878
2512
1955
3348
3398
3127
3600
3354
2761
1897
2676
1791
1517
4009
1286
1334
119
2339
2441
2806
2385
3156
1154
3881
1802
542
2666
166
3604
2750
3638
4010
3412
1492
1004
2873
3450
3765
3811
1827
1560
3271
425
1207
3264
2816
418
2034
352
423
1238
3137
3023
658
2807
2603
2558
935
522
1255
1985
802
4016
275
3172
1667
255
396
4148
3760
1241
3079
467
2468
981
3923
2204
3157
1619
3534
1342
115
82
804
3929
919
3526
679
3970
3502
651
3944
1974
1035
1979
724
2579
2458
3081
4100
4081
3175
1339
3373
685
723
2907
1776
760
1071
411
3570
2132
971
872
2118
1766
2605
3958
95
3629
1781
271
743
1262
3260
494
3956
4139
1228
2943
1110
3181
1988
145
854
151
716
2025
3666
1139
445
1877
216
937
2210
2836
1926
2351
4058
1779
2976
772
1099
2830
3055
197
155
3858
2900
1195
2983
2390
2968
2046
1892
2459
1466
3920
2538
3014
4046
3200
1887
820
330
3075
1204
184
705
1745
1601
1088
3842
671
2342
660
4056
1620
2993
1675
1657
3481
2550
988
2451
2064
2507
2925
506
3565
1305
689
1852
2520
2395
41
2985
1645
152
1184
2143
208
1609
2248
4157
1463
2762
1623
936
3864
4042
648
2315
3375
16
791
1106
3867
2833
456
3554
55
3357
1627
1805
4145
3449
1454
3764
3427
1226
3317
958
180
1662
2720
2439
2391
1328
677
3618
1182
39
419
2075
1671
20
4158
3615
2902
3295
2313
3823
3407
243
3096
1754
3041
350
2083
2071
3660
2622
757
527
2314
2486
1573
1055
223
56
1090
1042
2127
1993
3414
1656
2147
913
316
178
3578
3464
3489
2709
2453
1489
3899
3857
3661
3964
1724
1382
2029
3804
1329
700
3223
2989
1969
459
3275
158
2500
2832
269
213
57
2675
2069
3793
2235
211
916
2597
2727
2115
4141
1111
1787
1818
3515
2924
2696
1084
2489
2373
3082
3763
389
290
1759
1126
3712
239
3029
2304
1462
1384
1744
63
777
1494
3529
3113
2282
2330
1473
2743
1973
1263
1615
905
2815
59
147
344
628
1016
1484
1940
3111
398
412
4076
1811
3697
3663
3086
1712
595
2485
980
1340
3512
2036
1768
104
3601
1496
1577
3117
162
2996
3806
3160
2946
2913
2888
989
3768
4065
1432
2706
225
1936
4036
2568
2639
2828
3475
168
1495
3309
3938
1532
336
1638
2084
2093
2984
3927
551
1526
2429
3865
2522
3703
1909
3514
1874
163
2402
248
3903
876
305
2246
2076
2403
1135
2809
3076
1580
3432
3135
2490
2131
554
3539
613
463
1878
268
2684
1689
1728
3176
3912
3456
2305
4031
113
3410
1764
3508
1485
4181
879
1847
826
3230
4038
3580
3659
2864
453
3723
258
220
107
3110
948
2406
761
401
286
335
374
1598
529
2537
1644
2035
1825
2128
3704
3727
531
131
1991
1740
150
3751
1718
843
1500
3819
1742
1400
2309
1814
835
3321
395
1102
3834
3294
480
1808
284
3443
4167
2413
709
2178
2111
2432
2921
2874
3035
1414
1114
3718
1293
950
2722
2276
3791
2106
580
3909
175
409
3537
968
2973
2670
1341
3350
3877
3946
3745
1373
4189
1563
383
3469
1980
3038
2436
3447
1325
4059
199
2881
3749
1554
172
2448
4044
1841
3586
3158
2871
2514
3132
51
1064
4051
437
3358
3243
2047
862
2708
3954
343
2182
2370
1752
549
476
334
2010
3950
2219
816
2012
26
2120
920
3610
3988
227
2412
4173
3852
2861
128
1261
2380
849
2043
2254
4126
2547
852
1297
692
550
1026
2796
2422
3871
484
1367
259
970
3112
3044
1355
1875
2685
2540
2595
3672
3484
2011
135
2051
581
68
2824
1585
3366
1799
2959
378
2939
1665
1276
474
1189
2279
627
2379
3656
2566
3320
1273
1180
1842
682
3689
3249
3747
3841
548
3457
1443
2073
670
2672
2113
3635
3164
1059
3878
483
2137
1170
142
1248
27
524
1155
2533
2155
3740
3679
2401
4096
1550
3821
3364
1848
1363
2222
565
3062
2392
328
4089
1316
2404
659
4125
1011
605
2295
2142
2483
697
282
2060
3493
586
3875
447
1213
2846
2526
3548
3071
3696
3592
234
3511
576
855
1010
2719
4073
1748
4045
164
3595
493
2505
3510
2515
3766
2232
35
4002
4179
975
1023
47
3286
2771
4000
1916
946
148
2363
3379
1047
528
2129
1401
1616
1008
803
1524
1244
3997
2001
2081
249
1668
354
3018
868
3387
874
3748
2633
3681
1479
88
4120
2577
432
3400
1670
514
3981
3315
3418
4027
2396
623
2174
567
1243
1411
2449
2454
2852
2575
3772
1708
2933
3001
2360
1834
2320
3365
3250
370
686
3203
1347
2272
132
532
3691
212
1176
347
492
29
2494
1873
1958
603
3171
3093
2612
1374
3048
3649
3894
1190
1696
824
465
1716
505
3571
4008
1891
3746
3492
2789
2915
291
3971
809
993
3729
2026
1078
3754
3130
3209
2386
1514
1642
4121
1882
911
2598
3895
3525
1314
2822
340
540
1049
1421
1377
715
3458
3824
2962
3516
3949
2528
3324
2834
34
3940
3003
1959
462
277
3207
92
4113
1330
2202
2107
1441
1717
1858
221
1946
602
3891
3097
273
1896
2044
1007
3584
640
446
262
1826
2096
3167
2979
2980
1419
630
4123
1372
1649
1205
1571
2637
1074
2145
1762
3056
699
4043
1060
1260
190
592
574
1838
182
4153
1028
185
4175
2596
3523
3312
4099
2433
356
3552
695
413
3503
2166
3657
1741
1005
1048
959
903
1258
3561
3084
1551
2008
2364
1077
3274
2982
2431
3486
1631
1092
3122
4019
2125
1081
301
3334
4050
2555
1270
3642
3381
1578
2119
3005
553
3100
3737
3496
3844
889
2114
156
564
188
2692
1225
1510
3032
1758
1783
1567
610
3206
329
2866
3558
1525
1548
428
2382
1515
3231
3374
2703
2782
2067
126
458
3440
3239
4112
3998
2187
1336
4101
4017
1763
3667
1397
2446
596
1212
1216
2006
4164
910
1395
3186
490
4149
1797
1358
1854
1735
2848
3276
2904
4041
3369
206
589
3342
766
3538
978
1371
2671
782
3103
3585
999
4131
3535
923
2162
1820
3434
516
3080
416
3787
1172
2889
2101
116
892
3439
1610
3771
1527
3397
1739
3530
3386
3931
4174
236
2160
1589
30
3303
2991
2841
2560
1294
3519
2813
3362
645
3930
3383
717
3220
4053
2561
379
4188
1685
3904
14
2954
1704
2797
1147
834
3060
43
956
1522
1849
748
704
3010
657
921
1861
229
1999
3336
2019
2437
3646
2074
28
2707
3337
1636
1455
2818
2325
1162
3540
2690
2531
3826
112
3572
2302
3163
3020
1830
3870
1020
3622
2523
1796
298
1302
2736
1426
414
1434
3201
635
3676
615
4108
1815
3470
1743
1806
621
1950
541
770
1428
2239
1311
3652
1729
70
1760
1774
2139
4177
2378
3460
205
1038
4060
2585
1905
530
3654
165
1594
2247
3468
2153
3073
3810
1753
2472
1045
3644
2169
2362
2844
1951
3052
1945
4129
844
2578
1919
4140
86
1679
1159
1140
1961
120
2804
982
838
3744
1498
683
3735
304
2584
4011
4176
3189
2264
1530
752
2928
2040
626
706
1313
513
1186
4
2917
3059
2953
3384
2794
863
1356
3603
2868
64
730
4088
3774
3972
2059
2519
3780
1148
327
2198
84
1989
1094
3289
2970
1242
3722
1200
498
3241
668
2300
1267
324
3042
3767
1546
2713
3803
3254
3874
678
510
1794
594
3232
585
309
1851
634
3624
3297
1131
1536
806
1705
2769
922
114
2306
2062
1134
710
3355
837
3797
89
3178
3513
653
4094
2267
963
1957
1944
3948
3314
1612
4028
3568
787
3662
1308
2240
4061
2094
4047
2144
1711
1203
124
1725
1574
3221
870
4092
1692
3626
2492
1698
3098
3518
3235
2647
3831
814
2658
2890
1087
3233
977
3252
1707
815
3177
3479
1579
3323
3025
2642
3714
3655
4170
133
1272
2224
276
1423
573
1271
1467
3581
1322
2728
1021
501
3259
2745
1153
3258
1478
4070
3197
4085
3833
33
3925
2407
2250
101
1697
1369
1206
2297
845
2617
3612
2589
4184
2478
2631
1309
557
3969
3129
2838
342
1149
3228
209
1318
873
2926
3812
1295
4138
3815
2711
2894
1068
3785
3436
322
1292
2781
1442
3340
1761
388
600
3919
3372
245
1540
3898
1231
3070
790
2625
3155
3212
2089
129
1864
2916
3237
1595
1320
2819
753
3287
192
3617
333
24
796
3957
4136
2557
1730
2590
3293
2196
2135
1033
368
3180
2884
1935
31
1868
3966
364
2892
3459
4067
2495
3141
153
2491
1430
415
900
2038
2825
1446
714
1480
3755
2851
940
4032
2623
2640
1105
2509
1245
3211
1487
2470
1386
693
1756
3974
1821
4195
2258
1481
2017
3090
1769
3390
1883
2218
4077
355
2371
1477
1720
3246
906
10
1914
4033
117
924
1702
701
775
1890
2466
1987
2255
1819
3333
3566
3495
2292
2266
0
3893
543
3408
2753
1893
597
2867
429
2805
2193
2369
472
3941
618
424
3556
3550
1507
1098
2950
1392
74
4026
1559
3138
2
3430
3869
3251
371
2312
3866
481
698
1899
2343
1659
1603
2941
278
3245
1719
3053
4012
927
2504
1233
3370
1475
2731
2922
662
2452
3960
407
1684
1349
886
4144
434
3389
1930
1468
667
2847
1054
460
2082
2635
869
2607
2214
254
2037
3574
3732
3683
734
160
2230
38
196
1464
3934
1593
831
2535
622
2354
361
1073
688
2749
2624
3632
3445
2269
3341
899
3607
732
3104
3848
2023
2455
2940
3242
449
1879
1269
1043
1280
2375
1828
73
2002
3022
1715
3165
2324
3743
3173
2188
1600
1141
1666
2791
3889
2886
450
3213
320
1962
3608
174
2124
875
1337
769
2951
4097
2775
3272
3244
3830
1171
882
2467
1000
2045
3627
3451
75
681
3902
1733
149
3562
3153
270
1095
583
127
1303
3849
3726
1413
300
1429
138
3109
2503
3326
3069
604
4154
3690
2735
3640
1942
2956
902
861
326
1622
3184
3616
317
4151
3107
3229
1608
485
675
3520
2700
2359
3461
1082
3641
2496
1326
3037
812
2644
4163
3808
654
3474
1396
767
3067
3036
620
3509
3224
778
756
226
2185
4055
3453
3809
1459
265
1107
1424
3990
617
2949
2616
1537
1881
3708
1862
3395
4007
2225
3266
4161
297
799
3467
1682
1695
954
375
2328
2524
1109
1287
3318
1136
1982
4160
502
2546
1538
1691
397
2388
3926
1380
3438
985
427
3039
2331
3715
2411
3452
4015
464
3106
1410
1960
373
1253
4124
3675
4057
969
32
1723
3883
2383
2530
2582
4020
744
3786
1625
3332
3686
1722
3009
2027
319
2121
3602
718
1024
295
841
466
3285
2777
3139
3149
2511
2562
1558
1630
1933
1103
307
2767
696
85
1321
2148
2158
1869
2471
198
3441
885
3634
2630
2730
3291
217
3847
2307
966
3000
3316
1699
470
2910
3582
2751
122
3710
2244
3711
1866
2994
2447
1807
866
2316
1706
1215
3639
191
2338
1408
2203
2679
1996
4024
3882
2626
503
3021
81
2170
2569
1925
544
733
385
1803
3885
170
2548
2748
3046
4183
3004
1938
2849
1846
3643
1901
642
3343
2817
61
1069
1771
2733
2632
3377
864
2909
403
2156
3859
3204
171
2426
3700
1798
655
4128
1994
3547
1449
433
3142
308
7
3088
3283
2938
3839
2927
2493
2678
3376
2693
2877
3779
3872
2438
1541
2682
2554
2773
1709
2352
2930
984
4095
1167
691
1268
881
1364
4180
1520
3975
121
2549
1669
1359
1605
3936
1012
3753
918
1115
2087
3277
2191
2651
500
538
2694
3590
2937
2513
4166
140
2291
3423
990
1237
435
979
2318
2570
2821
1503
1734
3778
941
853
3933
3759
811
3057
2740
2284
1435
1056
3126
2335
143
1445
3688
381
2972
1013
2387
3017
2997
195
1129
3828
53
497
1859
2759
534
1635
2995
3463
2653
348
1285
2365
3083
2525
438
2583
2243
176
4083
1117
1015
2280
3868
808
4137
3385
1436
867
91
2418
1050
2061
1939
3851
1323
3741
1786
3078
830
2657
2241
735
3151
907
3488
1174
287
4152
3790
3292
1978
1586
3253
2237
3705
2329
1300
3282
3347
2086
2336
1553
1508
3269
2065
1259
3796
1307
137
632
3101
2287
521
4014
1211
3939
3008
3528
3114
2532
4049
1254
1178
2931
3421
925
318
4143
525
755
2482
983
1338
2356
800
1884
2213
4062
2999
3016
555
3431
4182
4127
3775
719
341
392
1398
246
944
3801
1157
3776
3698
204
4052
1924
3392
4132
1366
1998
1650
1582
2961
54
1810
1137
523
3995
2768
2556
4122
3192
272
2301
71
1108
97
2097
1288
1840
1433
1954
2236
3884
3227
76
167
776
173
2209
1230
3892
2180
669
1234
2456
3757
1360
1732
880
1247
1310
3168
1476
4023
1438
4080
1353
997
896
1737
2078
3717
2508
690
1823
251
3279
1063
2521
1306
1357
2152
713
3476
3978
2405
2974
3527
1027
1817
2571
1785
1624
2112
477
2024
2216
2765
1870
2586
3707
4169
2274
2445
3428
3560
3026
3072
848
312
3382
754
1956
264
2212
469
2273
1375
2919
313
2611
1845
2738
3829
504
536
3783
3591
2323
3825
813
1029
3576
1025
3478
1220
1486
3695
4150
109
2664
426
2039
2226
1041
974
1547
3234
2150
890
3932
961
3027
96
1191
2898
2207
1504
406
608
566
3854
2270
2780
250
2253
289
1597
1894
579
1575
745
601
1143
1393
2488
559
1381
3185
794
1928
2136
2161
200
1529
2277
2332
4104
1860
2021
721
1981
2663
1607
17
98
765
1857
495
1298
707
2245
578
3579
3247
1030
2714
2194
1653
2303
3494
2393
2186
4025
934
2829
633
2484
3532
996
3967
3013
1036
210
1080
2977
2543
1660
2724
3980
3890
588
3897
2102
614
3631
1089
2317
1963
40
2641
1405
1046
1822
2604
123
4106
2580
2975
2998
3979
1910
1528
2726
751
2601
2066
1647
1346
3214
3671
3687
2875
2754
2960
637
1917
359
1388
2564
1022
3391
2648
2268
2165
859
3193
2699
3597
306
1775
421
1145
3836
3913
2400
3416
1402
219
1062
897
1133
1509
1863
3989
3719
3973
280
4134
1125
408
3011
1208
2716
1727
3125
2936
3728
561
1101
1581
2747
3136
3876
780
2669
2621
3417
647
3345
3678
2908
1161
2361
3296
773
1545
3879
3378
3087
3850
3599
535
386
3298
4001
3982
3533
786
3311
4165
3693
1181
2294
62
3684
1506
3483
908
3255
2689
230
1640
136
2003
904
2923
1678
2310
3587
2022
967
94
947
606
2542
1572
58
2457
2110
2278
2811
1813
3500
1
1661
3976
1686
2347
2189
3319
4079
4022
1173
1655
367
1937
1997
1165
1907
3330
4034
2978
3633
1227
825
3360
3682
3426
2573
1394
2159
4187
1853
3198
2420
1127
1792
1389
2559
556
111
444
2428
1332
4142
711
369
2450
1835
3143
2899
726
663
1564
1770
99
3034
3435
299
995
1929
3955
2911
2958
2893
3731
2853
2665
998
3730
2377
2221
1239
2414
750
2609
394
21
986
771
454
3190
1895
2233
2649
2795
13
1629
3040
2674
3736
2683
1839
4090
102
2389
4109
763
666
673
3782
1324
3147
1700
931
728
1335
2650
2935
331
519
2103
3817
2463
3961
1266
2462
2576
1543
2031
2758
2032
901
4118
3388
747
3346
1726
3187
3007
1469
1096
1040
3501
1617
2615
3265
181
1780
703
611
801
798
161
1409
1613
1757
2757
1511
1713
2581
2173
1460
2934
1229
496
2353
1240
943
1738
3986
4087
2092
1379
1687
2154
3331
345
2905
2574
292
992
3183
44
2717
893
4162
2427
2366
2944
439
590
1072
1422
1130
1911
1549
3074
2430
2088
3922
2345
3943
1977
187
3564
1179
1590
390
3947
349
664
2516
942
3614
1751
6
1290
1169
720
79
224
2705
1710
203
1523
19
3124
2912
3952
1006
90
1075
1701
793
774
1920
3133
1505
2122
1187
256
1934
1652
1219
1965
3575
2518
3918
2146
836
3645
1566
1790
37
3352
962
365
1673
2242
3482
1565
2737
1663
231
1683
3507
1932
593
915
759
487
1122
2702
2756
1681
1569
2014
1218
4013
1889
3284
3134
2394
2499
558
545
609
3837
2009
325
3307
938
2920
3092
2480
201
1052
3371
4037
2587
3517
2783
2645
417
1128
3419
3720
2355
856
2906
781
1164
3281
3569
1399
3623
789
3685
3613
3406
4048
1915
2117
2628
4159
108
93
2600
680
3694
1913
3043
3863
1688
2659
3404
518
482
847
3738
2843
441
1197
3553
3994
1450
169
1301
3002
1066
491
4071
3161
2787
351
186
702
194
1491
400
3351
2903
895
1257
3770
2192
1406
1992
1158
712
2057
3061
3154
3273
3215
3734
1966
2171
488
3146
1146
2634
1250
1274
2238
2030
2109
3709
2140
575
1664
945
3222
399
2588
2231
3361
2697
1521
422
1425
3491
3322
3814
3487
1693
2168
1836
3049
526
2660
3066
646
3015
321
2770
1831
157
1124
3162
955
332
1142
1451
1407
3159
3064
2205
2498
387
1091
436
810
1784
2880
3984
2070
499
2715
3706
3822
45
3673
